a_data = [1.47078
1.63838
2.31839
1.5517
1.8026
1.56715
2.08123
1.276
2.12462
1.59507
1.39878
1.22866
1.1475
3.22574
2.51658
1.51625
2.31327
1.34988
1.92225
1.60258
1.48121
1.86817
1.56994
1.59991
1.60924
1.91557
1.12603
1.61222
1.25947
1.57852
1.62908
1.63153
1.65543
1.85244
1.37247
1.18803
1.9201
1.28728
1.57371
1.92625
1.80556
1.60402
1.61028
1.71185
1.56548
1.92481
1.29631
1.52302
1.55563
1.81008
1.9259
1.42177
2.35232
1.90536
1.28894
1.21429
1.62755
1.66347
2.14276
1.92702
1.73998
1.39529
1.85099
1.60531
1.09419
2.13496
1.21722
1.67455
1.63241
1.60032
1.60457
1.07648
1.89308
1.39298
2.11082
1.89986
2.56085
1.32347
1.83072
1.7297
1.49883
1.39559
2.21203
1.04183
1.73919
1.59391
1.86198
2.03594
1.43845
1.31739
2.03313
1.3164
1.40947
1.48443
1.77075
2.27798
2.27242
1.67955
2.26524
1.37003
2.01537
2.01476
1.43445
1.19393
1.60121
1.55263
1.31154
1.66579
1.49868
1.31694
1.58153
2.34635
1.67245
1.41221
1.9274
2.04958
1.29378
1.51104
1.87447
1.52978
1.93405
1.82541
2.57088
1.76062
1.47434
1.63324
1.61031
1.67077
1.70142
1.85186
1.68
1.87192
1.66911
1.24382
1.91298
1.89991
1.84209
2.04338
1.85378
1.15407
1.1524
1.82173
1.84638
1.34232
1.2895
1.88423
1.71692
1.69951
1.25225
1.72986
1.27305
1.69795
1.63218
1.83102
1.24471
1.80639
2.33535
1.77801
1.9391
1.73576
1.88215
1.46932
1.68777
1.36307
2.29892
1.92816
2.22519
1.19807
1.58295
1.07128
1.96637
0.91844
1.25668
1.73238
1.47932
2.60948
1.59229
1.34173
1.52568
1.22696
1.8697
1.6671
1.44687
1.30065
1.81338
1.4354
1.65766
1.69364
1.57002
2.08368
1.72115
1.8669
1.53831
1.09858
1.66553
1.31415
1.093
1.16736
1.13145
1.4429
2.02219
1.53433
1.79319
1.92875
1.32217
1.6347
1.89868
1.45288
1.69081
1.47
1.88701
1.9732
1.90742
2.02775
1.61239
1.91543
1.72591
1.42204
1.70202
1.79371
1.31782
1.43633
1.94051
1.82957
1.40915
1.38373
1.25784
1.68543
1.92702
1.29238
1.4125
1.1199
1.77081
2.27579
1.44935
1.41252
1.90301
1.2619
1.16454
1.37515
1.29017
1.39553
1.82884
2.12806
1.5296
2.6236
2.26426
1.90126
1.56663
1.5403
1.78436
1.87416
1.52249
1.64158
1.59118
1.86442
1.76983
1.80905
1.99949
1.79442
1.91831
1.3424
1.59287
1.87702
1.06915
1.81006
1.52629
1.51326
1.59017
1.56009
1.36305
2.40541
1.71709
1.32853
2.15796
1.4458
2.03314
1.48214
1.21638
1.45133
1.80331
1.16763
1.53557
1.41696
1.41883
1.46519
1.80122
1.50971
1.60846
1.70302
1.88969
1.2452
1.65698
1.91658
1.70989
2.19966
1.39512
1.5286
1.23251
2.29029
1.22485
1.68914
1.30271
1.91569
1.31823
1.79153
1.47414
1.59187
1.95116
2.4695
2.18687
1.89855
1.55905
1.94067
1.62252
2.28525
1.92698
1.67115
1.72027
1.99689
1.61866
1.85722
1.18982
1.73709
1.7492
1.11372
1.91736
2.11183
1.86289
1.27813
1.33039
1.13207
1.39358
1.29258
1.84544
1.12155
1.94475
1.54901
1.58855
1.81358
1.48415
2.16507
1.71114
2.49739
1.31191
1.32048
1.4673
1.13124
2.31175
1.59259
1.86341
1.31347
1.6507
2.26451
2.45339
1.66393
1.94155
1.11058
1.49056
1.75137
1.32141
1.62181
1.52769
2.16191
1.85572
1.84383
1.11516
1.16071
1.60908
1.16135
2.06115
2.44837
2.05877
1.26208
1.44169
1.84022
1.62544
1.57164
1.5921
1.84374
1.60211
1.81998
1.75116
2.03381
1.43224
2.70136
1.52167
1.42127
1.53
1.41372
0.995869
1.87477
1.81258
1.6238
1.89649
2.87786
1.59147
1.64067
1.9704
1.12956
1.42077
1.5112
1.84867
1.52943
2.43262
1.99704
1.67621
1.68446
2.55986
1.47121
1.86805
1.5098
2.45011
1.4608
1.77657
1.11344
1.51953
1.77774
1.6422
2.02099
1.85808
1.43999
1.31877
1.4017
2.16121
1.43312
2.41393
1.28434
1.77291
1.61296
1.83918
1.11442
1.85177
1.69699
1.52756
1.38644
1.12978
1.82963
1.90292
1.77115
1.68853
1.59676
1.21949
1.24679
1.98823
1.25112
1.80922
1.63862
1.80553
1.51742
1.85332
1.89839
1.8135
1.3829
2.21591
1.50219
2.67157
1.82564
1.72869
3.16607
1.56732
1.44296
1.88283
2.01099
2.46229
1.78161
1.20919
1.88655
1.20418
1.96492
2.63033
0.879005
1.43321
2.60782
1.34991
2.14768
1.29865
1.76684
1.55319
2.14105
1.71447
1.06304
1.64237
2.13548
1.1725
1.44697
1.48156
1.25089
1.91952
1.41236
1.26102
1.98417
1.65483
1.92711
1.55581
1.43249
1.81643
1.26847
2.55053
1.7694
1.12034
1.56034
2.50572
1.72624
1.9807
1.77691
1.43314
1.62136
1.26477
1.4166
1.18285
1.7698
1.82915
2.38971
1.17713
1.23708
2.00636
2.30472
1.55606
1.64679
1.52581
2.75112
1.77585
1.95152
2.28911
1.18599
2.28779
1.78554
1.53132
1.64415
2.26519
2.39557
1.56311
1.62898
2.19305
1.37006
1.21497
1.25178
1.63407
2.16081
2.08988
1.33628
1.40667
1.90863
2.60892
1.80835
1.43958
1.9105
1.64681
2.11125
1.76167
1.41321
2.15485
1.66212
1.72023
1.95921
1.71575
1.29528
1.36884
1.66868
1.2887
1.19739
2.00646
1.764
2.04815
1.43804
1.91859
1.47478
1.68825
1.63541
1.55577
1.66516
1.94875
1.78842
1.88098
1.77756
2.37263
1.43827
1.77306
1.06612
1.69813
1.49712
1.8402
1.46199
1.38108
1.78823
1.8439
1.87685
1.51434
1.08175
1.48437
1.62179
1.64629
1.26482
1.86382
1.46883
2.00023
1.37727
1.92235
1.48309
2.11995
1.76992
1.44675
1.76979
1.72456
1.49649
1.78146
1.08916
1.86065
1.74661
1.99434
1.27306
1.18588
2.22944
2.03005
1.33243
1.40484
1.78287
1.49578
1.60364
1.31348
1.40915
1.08823
1.56544
1.88958
1.52598
2.17515
1.59586
1.87779
1.2986
1.67899
1.43003
1.67455
1.77023
1.70396
1.72356
1.97469
1.65112
1.36129
2.58048
1.4073
1.21995
1.15884
1.51521
1.59841
1.51721
1.87643
1.53737
2.27268
2.02565
1.98452
1.97451
1.61944
1.64392
1.58177
1.59744
1.82985
1.53005
2.11525
2.01407
1.63583
2.22394
1.40082
2.16987
1.89031
2.07158
1.60841
2.4279
1.61079
1.95933
1.68949
1.73396
0.805779
1.85783
1.37608
1.92229
1.36303
1.36493
1.31439
1.48965
2.17042
1.95948
2.68728
1.8343
1.99416
1.48701
1.40035
1.38393
1.55728
1.87178
2.14445
1.91114
1.99485
1.58236
2.09308
1.49566
1.00356
1.53417
1.76402
1.61493
1.44314
1.46759
1.68255
1.42656
1.81437
1.55791
1.98466
1.01232
1.46489
2.34104
1.39811
1.5469
1.38331
1.81458
1.69699
1.70118
1.24511
1.94331
1.51647
2.45479
1.26945
1.6174
2.29283
1.76031
1.96664
1.02136
2.00295
1.36344
1.73322
2.09132
1.99634
2.1351
1.53661
1.97468
2.16273
1.49876
2.24035
1.12134
1.20283
1.48157
1.75923
1.55061
1.60348
2.13476
1.76912
2.22224
1.66585
2.44305
1.38588
2.15078
1.75199
1.33528
1.68131
1.98484
1.36513
1.23637
2.32862
1.51957
1.88134
1.43566
2.09037
2.03602
2.28497
2.28018
2.0771
1.43905
1.81947
1.93018
1.38011
1.38093
1.77594
1.67437
1.40184
1.6328
1.34896
1.19947
1.66224
1.43547
1.85046
1.13301
1.44783
1.85139
1.72753
1.75729
1.66287
2.27917
1.22096
1.84625
1.82794
1.29145
1.74975
1.79621
1.68133
2.09617
1.24592
2.25617
2.21012
1.42778
1.95667
1.90979
1.7389
2.34445
1.70603
2.02657
1.37545
1.45991
1.70551
1.8858
1.56314
1.75722
1.68721
1.70911
1.92971
1.58165
1.76144
1.27572
1.66323
2.0203
1.45412
1.4467
1.17083
1.83824
2.50827
1.578
1.33477
1.99978
2.20089
1.58221
2.1814
1.79355
1.90869
1.61396
1.65325
2.28681
1.36656
1.93772
1.40785
1.26756
1.65512
1.41085
1.83192
1.34498
1.5885
1.40696
1.49652
2.21703
1.63078
1.81671
1.99024
1.34156
1.26334
1.32863
1.0821
1.3778
1.53817
1.60254
1.58597
1.44674
1.57623
0.953055
1.54111
1.47481
1.24551
1.68533
1.21477
1.70133
1.62821
1.83333
1.55986
1.66921
1.58526
1.09324
1.00729
1.09269
2.05951
1.94618
1.00759
1.21941
1.29041
1.54996
1.33315
1.4449
1.67328
2.45672
1.65552
1.5412
1.39471
1.73089
2.17616
2.28078
1.90648
1.02881
1.66722
2.05091
1.87121
1.16962
1.47552
2.07672
1.61399
1.84613
1.29361
2.03484
1.62765
1.08415
1.45056
1.77508
2.07644
1.39988
1.76533
1.58719
1.65453
1.7592
2.12795
2.2514
2.59253
1.4489
1.79376
1.86567
1.89037
1.7941
1.68579
1.56892
1.62084
1.19123
1.91671
1.93111
1.50227
1.84805
1.48769
1.33285
1.44233
1.99623
1.73468
2.63604
1.32059
1.09356
2.01249
1.7229
2.18123
1.77888
1.87509
1.75871
1.55142
1.2964
1.76249
1.26709
1.12843
1.53758
1.50891
1.63543
1.56508
1.80027
1.83855
2.08395
1.76468
1.5456
1.62653
1.11878
1.96929
1.88263
2.30018
2.07037
1.8631
2.48842
1.9033
1.83802
2.16477
1.45276
1.50922
2.0135
1.41402
1.66319
1.63519
1.97726
1.31225
2.1386
1.6766
1.1464
1.53437
2.33221
1.91562
1.5586
1.47936
2.13912
1.80275
1.83149
2.79573
1.92013
1.36121
1.1449
1.27281
1.70242
1.46505
1.45639
2.37777
1.4748
1.58912
1.34555
1.97808
2.24743
1.76593
1.27712
1.47314
2.0272
1.45468
1.53348
1.22572
1.63345
1.67715
1.59221
2.23542
