a_data = [1.56488
1.4882
2.66913
1.45974
1.51289
1.64325
1.37717
1.00176
1.00221
1.49483
1.68669
2.39024
1.47425
1.5947
1.91172
1.49187
1.84245
1.5548
1.4554
1.58048
1.66152
1.38933
2.11909
1.57767
1.65016
1.4062
1.35687
1.42242
1.41566
1.54546
1.42219
1.29012
1.42117
1.43113
1.20656
1.97338
1.99743
1.26536
1.64015
2.0582
1.6931
1.84059
1.80088
2.0259
2.34181
2.27958
2.09736
1.64342
1.48883
1.86819
1.45573
1.68175
1.94477
1.86379
1.80437
1.55368
1.79992
1.90418
1.70117
1.54047
1.65319
1.58006
1.33192
2.00164
1.35162
1.99502
1.53711
1.75377
2.15972
2.4209
1.58309
1.56458
1.22615
1.92519
2.01265
1.51828
1.28402
1.17551
1.75483
1.5026
1.50229
1.76734
1.39955
1.48955
1.6727
1.66122
1.92142
1.31144
2.12539
1.9926
1.70395
1.59645
2.33531
1.28247
1.85195
1.56971
1.74143
1.4748
1.63677
1.36251
1.78949
1.81987
1.74732
1.5022
1.5821
1.89778
0.960165
1.65859
1.97091
1.58685
1.62927
1.92008
1.32673
1.14056
1.22504
1.78713
1.66888
1.57488
1.86344
1.86529
1.38325
1.933
1.38879
1.78301
1.73088
1.27557
1.36489
1.40129
2.37819
1.4427
0.970623
1.40304
1.8343
1.63899
1.8066
1.81894
1.39631
2.03477
1.496
1.36387
2.15737
2.05034
2.84088
1.66611
1.45029
1.15447
1.42737
1.5421
1.6038
1.88439
1.49574
1.47757
1.33568
1.29403
2.94556
2.09
1.62001
1.82759
1.68542
2.39255
1.85869
1.93395
1.62149
1.52251
1.45354
1.17435
2.0503
1.96924
1.33829
1.7578
1.26167
1.43328
1.56341
1.47083
1.21509
1.86411
2.69317
1.51458
2.52285
1.27523
2.27904
1.15347
1.43552
1.35276
1.56688
2.5449
1.51128
2.02824
1.20648
1.86499
1.70222
2.02661
2.17357
1.76679
1.12283
1.41097
2.41582
1.318
1.70723
1.69345
1.08411
1.18191
2.21834
1.25069
1.67494
1.35328
1.68675
2.45797
1.84863
1.44804
1.42292
1.60178
2.10955
2.04774
1.68559
1.14193
1.34347
2.00408
1.74468
1.40304
2.30814
1.21601
2.12239
1.51962
1.96007
1.47147
1.67349
1.89648
1.77634
1.70284
2.49578
1.27546
1.50259
1.69704
1.87305
1.4042
1.73721
1.58994
1.72016
1.8725
1.81112
1.51803
1.02938
1.26204
1.78786
1.77171
1.52432
2.07355
1.75249
1.91085
1.80353
1.30115
1.45957
1.82364
1.31594
1.87382
1.66411
1.06912
1.54135
1.80645
1.90318
1.45314
2.24417
1.63898
1.44541
1.96263
1.12293
1.57101
2.01612
1.64269
1.57928
1.82168
1.79909
2.06709
1.35153
1.9433
2.03044
1.37178
1.49764
1.27089
1.69004
1.67941
1.49719
1.76213
1.14565
1.75409
1.26894
1.74891
1.73815
1.30191
1.54492
1.68329
1.37413
1.56101
2.00317
1.26038
1.29461
1.52924
1.72727
1.57536
1.72359
1.71368
1.29516
1.30388
1.9186
2.22546
1.73988
2.0248
1.75646
1.32631
2.05863
1.46522
2.29908
1.71434
2.34041
1.51229
1.3328
1.93231
1.29446
1.35667
2.09345
1.5382
1.45223
1.44191
1.75147
2.01907
1.24169
1.41954
1.56257
1.94143
2.10051
1.77934
1.47773
1.8489
1.71167
1.50848
1.28987
1.52456
1.37157
1.65725
1.85216
2.3591
2.07423
1.65843
1.06922
1.28392
1.80458
1.27104
2.17506
1.96531
2.27982
1.52756
1.26419
1.41723
1.82389
1.23928
1.66106
2.34046
2.96192
1.35017
1.29151
1.66731
1.78543
1.01448
2.01731
2.25218
1.22896
1.56592
1.69087
1.43047
1.98936
1.92752
2.79267
1.23512
1.86062
1.69304
1.52072
1.52808
1.59282
1.80619
2.11985
1.74311
1.23134
2.43073
1.41427
1.80243
1.64371
1.19067
1.93795
1.67829
2.09756
1.95525
1.59772
1.46027
2.41216
2.29331
1.50088
2.04455
2.21283
1.09302
1.27608
1.63126
1.33695
1.66242
1.40204
1.64866
1.32575
1.67941
1.27144
1.50344
1.26761
1.64753
1.53376
2.06446
1.48564
2.46585
1.6214
1.23619
1.48719
1.54727
1.34857
1.52093
1.7948
1.73553
1.47678
1.69257
1.15619
1.8489
1.19969
2.0307
1.62761
1.72216
2.12663
1.60831
1.62025
1.99168
1.37395
1.46872
1.273
1.17022
1.52863
1.70055
1.46629
1.60747
2.07568
1.59712
1.37105
1.59551
1.31978
1.86196
1.69762
2.40771
1.63847
2.7842
1.85653
1.56463
1.63601
1.55619
2.17528
1.40518
1.66122
2.01893
1.58607
1.95497
1.75637
1.83672
1.16488
1.64095
2.63229
1.29633
1.64389
2.08808
1.65429
1.70546
1.52709
2.51028
1.4456
2.14117
2.0953
1.47703
2.01811
1.43826
1.75239
1.71734
2.32886
1.23078
2.75916
1.9262
1.64016
1.62407
1.521
1.09558
1.40336
1.15494
1.58325
1.64021
1.5436
1.79319
1.6477
1.80923
1.2416
2.41597
1.5918
1.47658
1.6503
1.24227
1.44898
0.719211
1.2227
1.13935
1.32116
2.46686
1.68472
2.53086
1.85311
1.21905
1.5128
2.18031
2.12946
1.0141
1.65456
1.30677
1.91739
1.81205
1.84225
1.91683
1.39287
0.998907
1.47519
2.27354
1.26546
1.20558
1.70552
1.33209
1.90395
1.63076
2.01238
1.53543
1.15653
2.00277
1.76945
1.90979
1.51077
1.92563
1.95884
1.68742
1.88153
2.16581
1.5532
2.0882
1.82364
1.73844
2.0475
2.123
1.58274
2.16461
1.5075
1.70743
2.14816
1.80156
1.58172
1.65966
2.01758
1.45187
1.6105
1.5922
2.05002
1.58371
1.06672
1.98787
1.56552
1.51912
1.58887
1.1532
1.74988
1.59435
1.35316
2.12237
1.12075
1.84413
1.91139
1.50756
1.51815
2.4806
1.32288
1.41209
1.62325
1.57289
1.52352
1.51428
1.88462
1.98313
1.6338
1.64488
2.14043
1.65881
1.19097
1.70956
1.75696
1.35583
1.70789
1.63587
1.64524
1.76895
1.07666
1.84282
1.45471
1.37247
1.46283
1.69208
1.1415
1.58992
1.81176
2.14102
1.41534
1.60786
1.64939
1.18704
1.69466
1.61006
1.78679
2.16802
1.59754
1.28542
1.66663
1.96622
1.19626
1.70463
1.97481
1.29202
1.83305
1.50974
2.15906
1.71263
1.99016
1.75936
2.41627
1.37567
1.68344
1.20366
0.861517
1.61712
1.34144
1.79567
1.68942
1.41968
1.44521
1.92125
1.42758
1.18615
1.50093
1.78052
1.85328
1.36797
1.30727
1.34914
1.56004
1.55126
1.84626
1.84457
1.5971
1.61443
1.88061
1.14956
2.85373
1.7512
2.01055
1.73858
1.12017
1.33067
1.80371
1.81742
1.26349
1.44629
1.37016
1.42261
1.32726
1.8803
1.91805
1.80158
1.35171
1.60205
1.52302
1.77961
1.76016
1.28539
2.61053
2.32178
1.36536
1.09877
1.7578
1.75913
1.80095
1.37719
1.54318
1.97949
1.48989
1.56214
1.99017
1.80886
1.89122
1.44502
0.971031
2.13718
1.46588
1.74608
1.65457
2.87694
2.0421
2.09617
1.19542
1.94991
1.11789
1.76612
2.24862
2.7183
1.23849
1.22954
2.07286
1.92847
1.61289
1.55749
2.22149
1.52407
1.21066
1.55655
1.70421
2.0343
1.49203
1.03854
1.18034
1.42635
1.71612
1.67752
1.48868
1.57096
2.27911
1.76295
2.58519
1.88162
1.38894
1.78329
2.17759
1.64084
1.81116
1.56812
1.84082
1.57199
1.30885
1.97415
1.06176
1.59694
1.20068
2.22855
1.26307
2.24689
1.65043
1.63571
1.42453
2.54627
2.11747
2.41797
0.977518
1.31931
2.15661
2.43518
1.47194
1.68315
1.55369
1.98438
1.89151
1.62037
1.32226
1.65871
2.13203
1.8479
1.55352
1.81685
1.7004
2.07785
1.88476
2.58513
1.36172
1.43461
1.27213
2.39965
1.57408
1.93839
1.80879
1.8845
1.46285
1.80946
1.60354
2.11428
1.57567
1.78188
1.27078
1.76098
1.32411
2.00358
1.66998
1.33447
1.86789
1.17022
1.44761
2.04122
1.64268
1.65711
1.62628
1.67706
1.18875
1.36765
1.13833
1.79512
1.83805
1.72704
1.75336
1.30136
1.93984
2.46862
1.78823
1.65611
2.28728
1.74782
1.94503
1.30671
1.58952
1.44693
1.59218
1.7767
1.91123
1.81166
1.79616
2.04874
2.36622
1.81854
1.66842
1.93057
1.7182
1.79912
2.44837
1.14507
2.16522
2.21823
2.0216
1.63245
1.6757
1.64404
1.91991
1.29114
1.78545
1.72543
1.88474
2.13015
1.98596
1.66531
2.0558
1.79326
1.91977
1.48939
2.04566
1.4658
1.28124
1.21663
1.46266
1.52791
2.38673
1.86009
0.836352
1.98061
1.40722
1.39624
2.55428
1.60675
1.54564
1.54057
1.64586
1.50334
1.28657
1.3184
1.26032
2.16268
2.30558
1.49914
1.43313
1.63512
1.46292
1.42345
1.33183
1.34699
1.31941
1.14692
1.70406
1.67672
1.3013
1.74653
1.7195
1.65133
1.65558
1.20831
2.04706
2.01746
1.86236
2.03729
1.58237
1.42506
1.50603
1.82733
1.43916
1.5962
1.45353
1.67282
1.93869
1.50359
1.55718
1.61857
2.03044
2.54979
1.59992
2.01864
1.39664
1.50669
2.02587
1.37898
1.57689
1.8736
1.73596
1.30998
1.36955
1.89325
1.37248
1.32533
1.9332
1.51487
1.40023
1.84966
1.67334
1.14034
2.0469
1.65284
1.96523
1.75447
1.76178
1.32302
1.40184
1.41666
1.26666
1.9905
1.20962
1.6659
1.56322
1.71054
2.00048
1.7028
1.51399
2.30283
1.80013
1.63003
2.54178
1.55992
1.29309
1.16805
1.63108
1.53419
1.79087
1.5165
1.62438
1.61825
1.27703
2.03834
2.08924
1.504
1.59432
2.31658
1.51777
1.49524
1.82426
1.3913
1.53832
1.68283
2.0234
1.82824
1.16422
1.6219
1.29512
1.51118
2.0391
1.82073
1.26671
1.5074
2.25867
1.36827
1.20931
1.61782
1.28406
1.65249
1.8193
1.73958
1.79084
1.66628
1.27658
1.23951
1.2384
1.58132
1.59046
1.56441
2.12532
2.15632
1.49649
1.77328
1.69221
