a_data = [1.64074
1.30956
1.90359
2.20738
1.43877
1.16647
1.34225
1.57468
1.81527
1.6681
2.09959
1.48854
1.7896
1.41118
1.38456
1.78877
1.6192
1.54657
1.43933
1.1143
1.77325
1.43227
1.76094
1.39221
1.92727
1.83271
1.45684
1.8679
1.43326
1.48136
1.85023
2.04978
2.28115
1.28259
1.83346
1.57406
1.2486
2.12183
1.20572
1.3358
1.75889
1.46582
1.88029
1.92173
1.91809
3.27024
1.77251
1.86346
1.54974
1.49058
1.77827
1.19555
1.71946
1.74324
2.03729
2.18062
1.29391
1.60788
1.59721
1.73632
1.57524
2.09488
1.99893
1.23355
1.19982
1.71664
1.53978
1.40934
1.82347
1.1009
1.30526
1.69718
1.56105
1.47555
1.97205
1.90284
1.7534
1.62754
2.55621
1.67354
1.39617
1.46296
1.93934
3.09506
1.62567
1.70153
1.38454
2.26625
1.85351
1.22519
2.03349
2.0697
1.89829
3.12532
1.54129
1.43951
1.746
1.68432
1.82109
1.39855
2.39271
1.92639
1.51467
1.90652
1.21931
1.5527
1.89151
1.56229
1.78399
1.70367
1.80949
1.31221
1.88423
1.93387
2.23734
1.1684
1.26858
2.10049
1.32559
1.37847
1.33548
1.22032
1.61616
1.55713
2.08704
1.63952
2.32047
1.73148
1.73789
1.79054
1.80348
2.11491
1.74532
2.11032
2.12282
2.05117
2.31157
1.65132
2.01814
1.59637
1.75748
2.07785
2.14804
1.7542
1.48815
1.4776
1.61154
1.86827
1.51975
1.65317
1.85295
1.51938
1.80407
1.75014
1.41736
1.60307
1.79715
1.57937
1.8733
1.90921
1.7548
1.54963
2.05064
1.39573
1.4005
1.76926
1.56173
2.17685
2.16601
2.01122
1.71234
1.99638
1.24829
2.20783
1.34146
1.71779
2.45033
1.69634
1.83699
1.87878
1.63529
1.39853
1.36238
1.32786
1.36324
3.14256
1.32295
1.43173
2.15282
1.61301
1.80364
1.27739
2.00428
1.93092
1.36375
2.09985
1.44969
1.95716
2.16335
1.59604
1.61257
1.95784
1.34442
1.87317
1.09384
1.50625
1.59809
2.44078
1.73627
2.03979
1.25669
1.34611
1.64327
2.28852
1.67618
1.37177
1.37584
1.2652
1.50383
1.12464
1.6183
1.04467
2.15669
2.33907
1.65286
1.52864
2.06187
1.27622
1.78208
1.6905
1.14183
1.52104
2.32691
1.16689
2.30641
1.52443
1.73865
2.19087
1.87987
1.43057
1.48922
1.41867
1.095
1.76371
1.31544
1.07709
1.12933
2.00601
1.8596
1.1967
1.32428
2.20609
2.06655
1.30015
1.9713
1.72804
1.50389
1.34777
2.23245
1.15002
2.22426
1.87936
1.4846
1.27261
1.62406
1.27691
1.70394
2.07176
1.57678
1.41408
1.22065
2.20731
1.77465
1.50596
1.17647
2.34004
1.75876
2.02729
1.40534
1.47718
1.44985
1.33753
1.59546
1.7618
1.62421
1.59034
1.78673
1.78523
1.06471
1.87132
1.82692
2.16764
1.9522
2.05994
1.65343
1.47787
1.82727
2.00223
1.96705
1.35617
1.70158
1.70769
2.21527
1.80144
1.71556
1.30591
1.48925
2.94068
1.40491
1.74741
1.77701
1.92009
1.27794
1.58802
2.27479
1.75952
1.62784
1.73083
1.35642
1.84582
1.80961
1.77606
2.55204
1.59095
1.70726
2.02894
1.43097
1.34491
1.35
1.45295
2.10648
1.77694
1.74152
2.31113
2.09825
2.07563
1.84825
1.93922
1.78264
1.32068
1.96176
1.65754
1.57613
1.33856
1.61306
1.6353
1.81225
1.69943
1.15497
1.76306
1.4593
2.061
2.01773
1.50385
1.32458
2.09091
2.40025
1.73892
1.58176
1.78891
1.59878
1.69541
2.33338
3.24431
2.47628
2.13525
1.39632
1.78517
1.76942
1.67581
2.33863
1.91716
1.63883
1.65953
2.00744
1.60885
1.65668
1.55669
1.61371
1.33941
2.45476
1.42443
1.31099
1.38153
1.77609
1.94574
1.41258
1.77863
1.09673
2.1235
1.34379
1.46593
1.34293
1.45852
1.9821
1.70761
1.54936
1.97521
1.66101
1.69065
1.85245
1.56158
1.69999
1.66424
1.32474
1.5428
1.89162
1.73003
1.72316
1.56024
1.35807
1.62746
2.33773
2.44465
1.09566
1.50181
1.49727
1.7842
1.30434
1.64671
1.59546
1.5682
1.67613
2.08137
1.72018
1.19244
1.31157
1.48963
1.79455
2.21754
1.46344
1.44038
1.48979
1.86039
1.73655
1.33805
1.6807
1.65653
1.1359
1.84531
1.67193
1.32454
1.58966
1.43778
1.94539
2.06946
1.56268
1.47293
2.07111
2.0218
1.67852
1.59983
1.4949
1.71653
1.71012
1.7677
2.23492
1.44173
1.57929
2.58419
1.28011
1.26973
2.12435
2.02576
1.17989
1.50519
2.4645
1.55524
1.53656
1.557
1.47489
1.97683
2.14971
1.65762
2.25499
1.56292
2.03943
1.54213
1.88162
2.23211
1.85059
1.50453
1.79195
1.86506
1.99238
1.7144
2.23427
1.82215
2.03226
1.44182
1.78542
1.65187
1.82011
1.69987
1.23277
1.27818
2.05184
1.3351
2.34845
1.80724
1.79142
1.7522
2.16648
1.43004
2.49329
2.29281
1.16399
1.78231
1.15398
1.9209
1.48347
1.7544
2.00529
2.42595
2.00654
1.82267
1.60563
1.75267
1.43106
1.57688
1.90167
1.85343
1.79306
1.37367
1.25973
1.84042
2.2753
1.35626
1.70213
1.90371
2.37907
1.85017
1.55805
1.29055
1.9597
2.17999
1.42382
1.98493
1.53289
1.67673
1.86729
1.16247
1.48379
2.75601
2.2014
1.67934
1.59232
1.94987
1.7379
1.76857
2.00972
1.98154
1.98346
1.53685
1.66903
2.56294
1.88694
1.74826
1.58049
1.81717
1.40357
2.30894
1.54998
2.09142
1.55824
1.46276
1.92297
1.56718
1.91118
1.805
1.59692
1.76236
1.8521
1.93313
1.32634
1.15902
1.80222
1.57981
1.93938
1.45295
1.61873
2.17816
1.37271
2.04507
1.44509
1.91766
1.17793
1.37084
1.64786
1.34044
1.56982
1.32258
1.87121
1.98635
1.8016
1.62958
1.64138
1.20325
1.39061
1.14495
1.53752
1.57153
1.12568
1.29419
1.82086
1.95708
1.46264
1.79785
1.49997
1.58257
1.65299
1.78356
1.73623
1.64211
1.40317
1.83943
1.11123
1.72523
0.935377
1.16328
1.42591
1.26154
1.25513
1.46804
1.95952
1.43579
1.5919
1.61134
2.25903
1.50509
1.17752
1.61046
1.83302
1.72457
1.59569
1.42121
1.92373
2.60437
1.23191
1.35229
1.9116
1.98708
2.20463
1.36273
1.0108
2.04599
1.70403
1.51479
1.90486
1.66902
1.99498
1.28327
1.9039
2.14629
1.49652
1.52985
1.23135
2.04168
1.49063
1.85905
1.30645
1.65018
1.35277
1.30826
1.59846
2.58502
1.66387
1.40243
1.72678
1.24296
1.54197
1.30229
1.35533
1.4835
1.68478
1.76067
1.49442
1.65952
1.47907
1.79999
1.66193
1.45426
1.44008
2.00051
1.43909
1.66841
2.06315
1.46265
1.76341
1.27896
2.23944
1.63222
1.64394
0.993915
1.99142
1.5524
1.38395
1.48078
1.70837
1.17274
1.8501
1.09952
1.33408
2.03199
2.17806
1.69193
0.981117
2.29388
1.58876
1.51571
1.4617
1.35614
1.66475
1.76166
1.47667
1.24711
1.1848
1.45171
1.70996
1.83427
1.95247
1.68359
1.8182
1.27609
1.60885
1.43328
1.16289
1.85977
1.46539
1.50736
1.62538
1.46475
1.80809
1.67971
1.60837
1.52565
1.50934
2.14477
1.61246
1.47665
1.76296
1.60094
1.69239
1.5114
1.26722
1.53314
1.57652
1.71387
1.52047
1.6769
1.87964
2.11351
1.6371
2.1529
1.41512
1.269
1.82747
1.55198
1.82593
2.01162
1.7087
1.60518
1.33871
1.89237
1.44081
2.02418
1.5128
1.61669
1.81085
1.82526
1.42128
1.55122
2.5032
1.82557
1.865
2.01133
1.53512
1.67938
1.88876
1.35253
1.9918
1.3352
1.49318
1.9449
1.75185
1.42801
1.52336
2.08222
1.53076
1.08769
1.33799
1.45061
1.63278
1.76622
1.32898
1.05999
1.78885
1.38277
1.73187
1.9562
2.32945
1.97301
1.69542
1.9
1.29093
1.98913
1.92888
2.05358
1.62722
2.04966
1.91549
1.47186
1.50955
1.43346
1.55714
1.60038
1.50581
1.88396
1.30976
2.20906
2.02444
1.31429
2.51894
1.90061
1.15144
2.12598
1.80389
2.21265
1.35356
2.24923
1.65174
1.48944
1.67009
1.3499
2.02963
1.47489
1.15023
2.09158
2.40465
2.08847
1.24642
1.321
1.62778
1.84943
1.55216
1.36725
1.39828
1.69497
1.99117
1.58318
2.18492
1.71136
1.58862
1.78604
1.38894
1.90355
1.45357
1.29008
1.70808
1.62646
1.63154
1.88491
1.27466
1.67134
2.07882
1.47551
1.88906
1.51572
1.21921
1.42216
2.17062
1.07026
1.62298
1.5427
1.45575
1.13933
1.89778
1.71103
1.87316
1.09385
3.02244
1.34508
1.65684
1.37976
1.47172
1.67468
1.5824
1.68046
1.94852
1.77648
2.27777
1.26506
2.18758
1.7074
1.23634
1.17389
1.75683
1.40492
1.83941
1.79003
1.7449
1.71569
1.59395
1.25319
1.55514
2.49595
1.49699
1.75116
1.70966
1.43604
1.45457
1.84643
1.10061
1.95236
1.56976
1.35394
1.82202
2.48888
1.35205
1.28125
1.37916
1.40496
2.03565
2.14199
1.16519
1.93637
1.49919
2.02244
1.68558
1.42835
2.24019
1.8873
2.14319
1.91279
1.49693
1.34186
1.95889
2.13231
1.72909
1.43527
1.03817
1.96633
1.74079
1.46703
1.37607
1.40021
1.65472
0.838394
2.01229
1.30352
1.64389
1.33863
1.50598
1.95438
2.16634
1.56806
1.73255
1.43105
1.35624
1.65369
1.35714
2.18075
1.92428
2.11187
1.90503
1.84552
1.28645
1.8951
1.5961
1.94206
1.46504
1.98578
1.74049
1.78894
2.07143
1.22357
2.09061
1.07502
1.28626
2.00492
2.04004
1.50208
2.57538
2.11555
1.33751
2.07287
1.34824
1.57097
1.47666
1.78189
1.68338
1.42656
1.68739
2.30676
1.87264
1.77291
1.74661
1.07572
1.77622
1.43479
1.86135
1.41307
1.25656
1.65242
1.4762
1.48799
1.88313
2.05071
1.33591
2.00217
1.9212
