a_data = [2.13872
1.17414
2.15393
1.16504
1.54403
1.45433
1.32532
2.11118
1.39234
1.82858
2.01272
1.96868
1.50272
2.18861
1.39268
1.84237
2.14426
1.53307
1.42354
2.00151
2.03594
1.4575
1.44364
1.2995
1.68192
1.34147
2.18515
1.59187
2.19347
1.5737
1.90574
1.23886
1.47997
2.26983
1.58558
1.04434
1.2532
2.10499
1.68858
1.58947
1.7501
1.70626
1.0961
1.78099
2.62941
2.03512
2.17421
2.01037
1.23783
1.34146
1.73185
1.80169
1.53526
1.7875
2.57888
1.65352
1.62534
1.45542
1.38597
1.90194
1.94483
2.26263
1.19797
2.05014
1.43726
1.87754
1.21482
2.3967
1.6261
1.5401
1.82634
1.72859
1.59055
1.6108
1.84926
1.53631
1.61847
1.47481
1.68836
1.60841
1.90655
1.29762
2.03353
2.0023
1.63902
1.33265
1.47533
1.44968
2.04696
1.60078
1.59634
1.49386
2.49066
1.39772
1.4589
1.87466
1.87818
2.34242
1.90956
1.63575
1.5068
1.2206
1.47651
1.85125
1.42347
1.21172
1.83534
1.83191
1.64598
1.61743
1.74454
2.03613
1.60914
1.55178
1.84011
1.50964
1.62011
1.2182
1.44405
2.0499
1.74329
1.58173
1.2367
1.39785
1.25294
1.24316
1.54266
1.04225
1.34058
1.53909
1.87086
1.58006
1.5397
1.51868
1.34239
1.56796
1.39221
1.81457
1.71176
1.76809
2.17879
2.00937
1.63481
1.40544
1.91198
1.43014
1.1457
1.42083
2.70443
1.66279
1.33522
1.63202
1.64117
1.16905
1.68129
1.72814
1.74783
1.91854
1.61029
1.83116
1.68433
1.85807
1.29146
1.60795
1.98692
1.73526
1.80224
1.90645
1.53765
1.54273
2.48076
1.38508
1.88006
1.76958
1.29914
1.73752
1.71174
1.43487
1.98339
1.26053
1.77429
2.48507
1.48401
1.57872
1.79987
1.2765
1.40941
1.77391
0.945695
1.81592
1.56545
1.50501
1.75092
1.85029
1.15432
1.52797
1.39662
1.28647
1.94042
1.73372
1.58223
1.58748
1.74074
1.8084
1.99846
1.46231
1.73105
1.94164
1.70422
2.26729
1.64891
1.92445
1.7437
1.76056
1.78188
2.24325
1.69374
1.5951
1.45584
1.41336
1.40989
1.85951
2.06701
1.26478
1.70322
1.53127
1.47656
1.85652
1.45506
1.81635
1.76601
1.20591
1.45357
1.68507
2.30411
1.8821
1.25842
2.87827
2.06086
1.56113
1.23383
1.67175
1.80318
1.51007
1.80798
2.00533
1.51131
1.74983
1.64645
2.41679
1.76997
1.43086
1.31074
1.86833
1.58946
1.82132
1.32025
1.98549
1.8918
2.05695
2.10341
1.35509
1.48147
1.6781
1.5055
1.34716
1.40356
1.65831
1.29355
1.8041
1.84191
1.85699
1.63689
2.1095
1.53744
1.09773
1.61554
1.80357
1.53636
2.25633
1.15376
1.65635
1.22378
1.71511
1.55962
2.04166
1.86476
1.83206
2.92754
2.53227
1.27098
2.21708
1.60479
1.42562
1.51097
1.71474
2.35603
1.33588
1.43966
1.80839
1.58751
1.94982
1.63199
1.36849
1.77723
1.43279
1.51311
2.05893
1.71421
1.08339
2.06561
1.42787
1.87018
1.5152
1.15941
2.00763
2.01987
2.10104
1.72612
1.89857
1.18995
1.49069
1.4241
1.96027
1.92631
1.28826
1.75175
1.09822
1.38624
1.829
2.09599
1.87614
1.60736
2.49497
1.85487
1.77506
1.78947
1.60947
2.03674
1.76762
1.44659
1.48222
1.81195
1.35468
1.69058
1.42856
1.24947
1.77515
2.12734
1.46974
1.99401
2.76731
1.41046
1.50828
1.92749
2.59491
2.05321
1.90024
2.12743
1.49774
1.81111
1.5305
1.65215
1.48239
1.21871
1.07235
1.29682
1.46216
2.25043
1.19873
2.61917
1.41992
2.01134
1.37131
1.5681
2.19277
1.90284
1.91532
1.88857
2.14906
1.57142
1.90805
1.81638
2.02139
1.50151
2.14756
1.4043
1.793
2.16342
1.48257
1.817
2.58987
1.66641
2.07469
1.57322
2.00993
1.5528
1.8143
1.49754
1.42876
1.33664
1.4045
1.91825
1.33235
1.64677
1.14154
1.40288
1.91451
2.00052
1.68209
1.07132
1.08696
1.52569
1.44381
1.1334
1.32046
1.29989
1.86075
1.8961
1.94989
1.93461
1.78331
1.36669
1.98099
1.73429
1.62386
1.98687
1.7097
1.23291
2.00383
1.29094
1.49855
1.83573
1.81015
2.14607
0.891397
1.44727
1.7992
1.91699
1.09611
1.37254
1.14591
1.47112
2.99252
1.56522
1.85171
2.13916
1.85734
1.68124
1.99569
1.68603
2.11152
2.03585
1.56035
1.26935
1.59416
1.65324
1.74039
1.56393
1.38952
1.93217
2.25034
1.36068
1.28869
1.35637
1.57762
1.5353
1.6127
1.75835
1.41738
2.34316
1.47292
1.57291
1.31811
1.60614
1.37083
1.59871
1.45957
1.6731
1.61034
1.38314
1.61277
1.4572
1.872
1.25143
1.68929
1.32333
2.04583
2.37889
1.4222
1.53
1.88281
1.61495
1.35547
1.67763
1.76656
1.56652
1.33419
1.3869
1.75615
1.65176
2.09436
1.6326
2.28865
1.62043
1.29293
1.60231
1.93521
1.42204
1.66841
1.17885
1.78856
2.00592
1.21552
1.38456
1.78176
1.81586
1.45711
1.4654
1.28707
1.83207
1.64265
2.1573
2.2649
1.8195
1.64017
1.62271
1.31708
2.02236
1.87181
1.20797
1.27287
1.22743
1.20836
1.41786
2.38081
1.31427
2.58393
1.58546
1.56247
1.81628
1.37441
1.91145
1.35649
1.56182
1.94658
1.38612
1.21019
1.83581
1.69399
1.65798
1.50371
1.77851
1.69306
1.83199
2.14629
1.94774
1.38545
1.59715
1.49911
2.12218
1.7413
1.61309
1.6125
1.60802
1.72635
1.49152
2.08203
1.51331
1.6431
1.5938
1.3099
1.99475
1.44007
1.64167
1.34343
2.37146
1.33031
1.89797
1.47683
1.5441
1.91979
1.83815
1.8327
1.63053
0.90889
2.12323
1.48041
1.56232
1.15572
1.5444
1.38856
0.997262
1.58117
1.55377
1.5816
1.62656
1.72843
1.33633
2.01875
1.87355
1.17129
1.4015
1.48044
1.54763
1.56578
1.85852
1.82699
1.96532
1.65696
1.84718
1.26882
1.68789
1.61564
1.57143
1.89763
1.60575
1.27851
1.65227
1.94894
1.41504
2.02015
1.15285
1.64731
1.97296
1.87062
2.11696
1.54732
1.55417
1.2917
1.40584
3.59336
1.67529
2.18854
1.97695
1.37972
1.65608
1.35526
2.17112
1.55735
2.37172
1.77008
2.11055
1.70142
2.47924
1.99052
1.7718
1.50236
1.41358
1.37362
1.6383
1.73062
1.8399
1.47646
1.55409
1.82151
1.31293
1.12738
1.17889
1.43444
2.16146
1.55861
1.75163
1.38608
1.75447
1.43854
1.7065
1.95827
1.2043
1.51144
1.79451
1.24982
1.37439
1.21364
2.21949
2.18434
2.00611
1.60825
1.74995
1.3158
1.30463
1.24355
1.27081
1.3763
1.28953
2.23806
1.91361
1.30646
1.6572
2.54709
1.72281
1.44689
1.4991
1.49089
2.046
1.40177
1.68098
1.80503
1.62858
1.57151
1.03805
1.83285
1.70298
1.1288
1.97209
1.9694
2.17312
1.52856
1.59928
1.51228
1.25948
1.75136
1.88292
1.45127
1.22641
1.08548
1.27402
1.56095
1.24489
2.12739
1.72024
1.83043
1.84113
1.34023
1.60706
1.48867
1.41385
1.58906
1.38891
2.11218
1.95674
1.17129
2.03722
1.44385
1.49234
1.53351
1.48126
1.85361
1.85449
1.16813
1.3433
1.89974
2.04875
1.79995
1.38258
1.92178
2.24774
1.08639
2.18012
1.72121
1.55946
1.04987
1.21034
1.6159
1.66968
2.15028
2.15139
1.54383
1.75832
1.61063
1.35294
1.50399
1.90216
1.60481
1.91104
1.78881
1.10017
1.21879
1.64495
1.19381
2.10555
2.10988
1.53559
1.74672
1.12088
1.6858
2.12519
1.52124
1.51248
1.38009
1.78629
1.52547
1.43858
1.5113
1.66635
2.14364
2.00031
1.42979
1.59289
1.73052
1.76502
1.64717
1.97004
1.7808
1.9334
1.73202
2.60343
1.52046
2.01421
1.98983
1.55866
1.28546
2.35248
1.41144
1.39208
2.13317
1.65242
2.07811
1.86853
1.86222
1.39329
1.50946
1.59944
1.71218
2.31193
2.36531
1.47356
1.93338
1.45824
1.22232
1.47193
2.32405
2.2486
1.73582
1.58611
1.31907
1.94921
1.28658
1.77372
1.36685
1.61873
1.29085
1.12702
1.27266
1.63799
1.16201
2.16928
1.99122
1.53871
1.24492
1.44238
1.67293
1.43636
1.24027
1.49995
1.12718
1.34825
2.24437
2.16225
1.86321
1.65332
1.88613
2.08496
2.4649
1.31336
1.6519
1.53089
1.37003
1.69789
1.71069
1.99329
2.17614
1.49418
2.0574
1.9752
1.91002
2.14676
1.2836
1.8369
1.29893
2.10083
1.97598
2.18608
1.60911
1.64776
1.72576
1.23444
1.27631
1.99348
1.63443
1.51244
1.08354
1.83546
2.08939
1.27791
1.6224
1.35487
2.15676
1.53607
1.43818
2.0309
1.84772
1.90762
1.96749
1.96738
1.39612
1.83675
2.03827
1.87704
1.46389
1.62847
1.74483
1.35763
2.02942
1.91684
1.42289
1.44357
2.0117
1.22157
1.3318
1.68489
1.61673
1.50336
1.42097
1.73589
1.78732
1.41314
1.65623
1.61444
1.68501
1.43402
1.48109
1.83906
1.22977
1.63987
1.95145
1.5357
2.48082
1.66296
2.13067
2.14263
2.19986
1.49168
1.93662
1.69668
1.77394
2.24223
1.52751
1.42533
1.47217
1.60301
1.53342
1.36435
2.49584
1.61624
1.08358
1.95774
1.48791
1.79235
1.33396
1.52786
1.68262
2.06706
1.39098
1.77294
1.55844
1.58246
1.77537
1.41743
1.79556
1.97556
1.05049
1.16188
2.12575
1.78743
1.74175
1.44557
1.29402
2.32872
2.37035
2.43748
1.16021
1.71056
1.52307
1.46946
1.21743
1.50398
1.39574
1.6041
1.78564
1.52003
1.58931
1.10619
1.57184
2.00936
1.62848
1.36061
1.81377
1.91565
1.78679
1.23648
1.98063
1.84266
1.15681
2.01041
1.5766
1.80908
2.23061
1.26603
1.75109
1.0518
1.88193
1.45746
1.70448
1.70148
2.31744
1.98916
1.56215
1.51723
1.41855
2.20202
1.42174
