a_data = [2.03641
1.13399
1.91214
1.50159
1.8011
2.71586
1.61713
1.22285
1.76775
1.69257
1.60908
1.99634
1.18786
1.69742
1.39661
2.21146
2.04568
1.54554
1.69869
1.31825
1.72856
1.30953
1.16619
1.79574
2.35805
1.1905
1.75965
1.63659
1.4745
1.74812
1.39449
1.96647
1.78013
1.79793
1.72421
1.89499
1.52706
1.88535
1.82622
1.92115
2.13908
1.53176
1.58601
1.44745
1.6007
1.51661
1.67373
1.60693
1.44096
1.66031
1.47355
1.78428
1.71374
2.13345
2.93528
1.79086
1.83287
1.66118
2.17792
2.09766
1.37984
1.19049
1.28861
1.60696
1.77183
1.83563
1.97533
1.83465
2.12299
2.11782
1.41459
1.25285
1.84585
1.7321
2.09129
2.06913
2.18975
1.98863
2.10472
1.89865
1.59534
2.22671
1.42733
2.3177
2.23542
1.92011
1.87776
2.06066
1.89746
1.64074
1.55057
1.8065
1.62539
1.95973
1.47526
1.73678
1.7096
1.26092
1.03397
1.63087
1.58012
1.87263
1.33704
1.58052
2.03989
1.16007
1.30126
1.53525
1.66408
1.44317
1.97514
1.40814
1.79963
1.74752
1.85605
1.35242
1.82836
2.1813
1.61552
2.83255
1.88098
1.84386
2.37085
2.05288
1.54179
1.51631
1.74803
1.75173
2.1879
1.15607
1.76943
1.44574
1.69445
2.15655
1.60541
1.3214
1.54173
1.77729
1.84627
1.23882
1.27926
1.57479
1.39296
1.62138
1.84773
1.88224
1.7877
1.72067
1.6814
1.55561
1.91238
1.90015
1.32223
2.10947
1.66476
1.21958
1.98821
1.5805
1.7925
1.74818
1.90764
1.52892
1.56039
1.68999
1.98825
1.63906
2.07606
1.26533
1.62357
0.956591
1.54373
1.23685
1.76005
1.48587
1.62227
1.65505
1.36019
1.65832
1.81272
1.69813
1.51569
1.44273
1.48413
1.62254
2.07049
1.6651
1.48541
1.61869
1.13943
1.83539
1.62901
1.4272
1.80846
2.11116
1.46159
1.52549
1.73322
1.90786
2.05202
1.7074
2.01064
1.66411
1.89483
1.90739
1.40998
1.92801
1.43731
1.48554
2.49214
1.44523
1.54607
1.21437
1.86003
1.5453
1.28824
1.68677
1.4087
1.64632
3.09091
1.90033
1.20558
1.92053
1.97467
1.47019
1.68634
2.52856
1.86134
1.91001
1.78073
1.55866
1.29593
1.75269
2.17462
2.40666
1.7137
2.07824
0.953828
1.50854
1.65956
1.68511
1.24744
1.60223
2.06742
1.76926
1.65594
1.66679
1.35318
1.07585
1.62976
2.06159
1.67519
1.4431
1.43888
1.70477
1.35505
1.55448
1.50779
1.81192
1.12708
1.71458
1.8709
1.53796
2.77455
1.52911
1.61855
2.40181
1.78534
1.98854
1.86523
1.51165
1.49264
1.37679
1.58708
2.46451
1.26735
1.43463
1.89565
1.5061
1.49016
1.67769
2.04292
2.83257
2.26704
1.85967
2.58695
1.3601
2.09774
1.7365
1.31388
2.38035
2.07205
2.45085
1.76614
1.77538
1.52985
1.87173
1.97348
1.79452
1.21734
1.61336
1.63578
1.5781
1.64925
2.00472
1.68847
2.14753
1.62472
1.27715
1.50977
2.36781
1.58361
1.70013
1.64716
1.62434
0.979435
2.09429
1.43341
2.03698
1.4093
1.31317
1.66233
1.97485
1.87988
1.49231
1.87398
1.59922
1.61238
1.78093
1.63448
1.33278
2.16196
1.40365
1.5189
1.08528
2.03446
2.30601
1.66941
1.929
1.8104
1.61928
1.41135
1.59083
1.3126
1.85295
1.44347
1.63414
1.54315
2.13305
1.07372
1.14308
1.79849
1.01498
1.9776
1.71723
1.42669
1.63241
1.72791
2.17176
1.69074
1.70945
1.51781
2.84386
1.2984
2.24966
1.99786
1.79199
1.49403
1.41538
1.28017
2.2529
1.43702
1.54412
1.91126
1.31626
1.27817
1.6257
1.54558
1.80878
1.83753
1.38355
1.32719
2.03978
2.15741
1.65352
1.87126
1.74763
1.55613
1.88023
1.32035
1.34332
1.32442
1.31051
2.5358
1.2007
1.59061
1.13394
1.9124
1.51681
1.41396
2.53069
2.12276
1.91042
1.77957
2.52026
1.56768
1.94817
1.76571
1.44995
1.57665
1.3596
1.56593
1.85553
1.58009
1.49933
1.69253
1.59953
1.60827
1.35511
1.44486
1.76103
1.86854
1.23374
1.17242
1.70514
2.57357
1.5883
1.42243
2.03743
1.4737
1.9755
2.05902
1.49648
2.32263
1.97503
2.14481
1.51614
1.97506
1.37936
1.75604
1.18991
1.78994
1.90937
1.69044
1.31759
1.62459
1.80544
1.51158
1.57839
1.54487
1.39155
1.01828
1.42478
2.07274
1.33651
2.09317
1.5069
2.61679
1.84122
1.30092
2.06692
1.96445
2.098
1.57159
2.73915
2.14788
1.95986
1.97905
1.73487
1.31774
1.8452
1.56326
1.63537
2.05395
2.19938
1.41921
1.98483
1.54651
1.8006
1.35017
1.79334
1.30118
1.54136
1.35687
1.86457
1.51152
1.94461
2.14906
1.309
1.66063
1.52381
2.32174
2.01201
1.65189
2.19416
1.64575
2.37781
1.9506
1.44284
1.7218
1.04612
2.20951
1.67092
1.45807
1.17839
2.30172
1.89626
1.49493
1.56418
2.06863
1.38396
1.49424
2.54077
1.29544
1.65499
1.62911
2.12987
1.98763
1.47742
1.55813
1.54302
1.4514
2.03882
1.78583
1.71543
2.37873
1.11479
1.86425
1.57458
1.9143
1.66761
1.51824
1.62452
1.42843
1.59366
1.98389
1.26095
1.65775
1.42824
0.982314
2.05524
1.97527
1.53834
1.52187
1.94033
1.24172
1.47694
1.48895
1.69822
1.48193
1.76918
1.7317
1.80376
2.16619
2.01048
1.7378
1.37405
1.67588
1.31125
1.78507
1.40675
1.516
1.20717
1.63731
1.88168
2.12839
2.09645
1.92566
1.6196
2.0407
1.5784
1.67581
1.73509
1.61619
1.67322
2.1161
1.08546
1.22468
1.74049
1.39689
1.25093
1.7522
1.20856
1.31239
1.91282
1.74816
2.07788
1.51006
1.34935
1.72616
1.32023
1.90717
1.3655
1.97254
1.73287
1.71098
2.6051
1.77363
2.0717
1.28178
1.9816
1.8036
2.01709
1.89545
1.79561
1.84078
2.09722
2.40788
1.60231
1.74558
1.30189
1.75162
1.44388
1.317
2.16568
1.4386
1.24982
1.90394
1.74457
1.19294
1.58033
1.2606
2.11151
1.40458
1.52305
1.485
1.41252
1.50404
1.72034
1.6331
1.58087
1.90194
2.01133
1.85963
1.55406
1.42601
3.25178
1.65904
1.27717
1.4353
1.55174
2.2061
1.64038
1.2864
1.15599
1.80597
1.12135
1.73261
1.2011
1.17756
1.79319
1.61917
1.95124
1.10512
1.69864
1.46703
1.65127
1.73695
1.73244
1.80397
1.89766
1.47686
1.41137
1.3624
1.70186
2.42894
1.98438
1.78128
2.40036
1.40869
1.93565
1.51703
1.76997
1.42418
2.10668
1.18309
1.7504
1.5027
2.04255
1.63748
1.94839
1.4254
1.44737
2.04822
1.37489
1.38443
1.87996
1.96089
2.3646
1.72812
1.37834
1.96626
1.45829
1.76253
1.52529
2.12254
2.19641
1.56143
1.77277
1.96822
1.88933
2.19952
1.75824
1.50258
1.9392
1.7013
1.33567
1.78169
1.60254
1.81633
1.86165
2.7154
1.79095
1.42201
1.74108
1.55927
2.62065
2.2457
1.66324
1.41546
1.76974
2.03401
1.86456
1.66179
1.65532
1.33283
1.62455
1.97931
1.71273
1.44673
1.71182
2.36368
1.83392
1.48514
1.76714
1.31418
1.321
1.45952
1.71094
1.59794
1.70021
1.62217
1.49935
2.22416
2.19626
1.68229
1.35424
1.50425
1.90924
1.41874
1.37828
1.87307
1.94878
1.5901
1.1953
2.09374
1.42622
1.62731
1.66622
1.54563
1.26929
1.7758
1.31892
1.70049
1.94489
1.35673
1.55684
1.42369
1.65146
1.65797
1.80429
1.61754
2.13364
1.56148
1.54704
1.72074
1.58344
1.48215
1.89988
1.76411
1.94699
1.41292
1.56539
1.94371
2.01869
1.62917
1.83915
2.08325
1.27001
1.22553
1.62366
1.65457
2.23044
1.36951
2.64177
2.03993
1.32873
1.75587
1.62449
1.68585
1.27288
1.42598
2.68651
1.31628
1.85637
2.07585
2.09657
1.68307
1.97476
1.7976
1.88728
1.94187
1.36812
1.77804
1.5974
1.8937
1.67261
1.98998
2.27579
1.24268
1.78802
1.7664
1.52126
2.00454
1.31486
2.21196
1.62875
1.13513
1.96896
1.61433
1.77117
1.39216
1.64806
1.10461
0.91344
2.10781
2.31003
1.32416
1.33973
1.2616
1.58605
1.58596
1.64292
1.96047
1.16613
1.85045
1.51963
2.00928
1.67729
2.36335
1.50377
1.28455
1.38173
1.43234
1.88986
1.59935
1.75113
1.75697
2.02401
1.70544
1.42968
1.46996
1.79654
1.82841
1.62407
2.01578
1.3789
1.49031
1.96491
1.57662
1.48173
2.06575
2.73659
1.18606
1.68256
1.67808
1.81625
1.64791
1.69249
1.89804
2.13375
1.68641
1.56909
1.33993
1.8015
1.98612
1.31304
2.06127
2.37607
1.82432
1.7098
1.26673
1.79599
2.00435
1.50899
1.75931
1.44855
2.17969
1.77517
1.72976
2.56623
1.57
2.11207
1.7671
1.86931
1.417
1.04928
1.13123
2.04868
1.30779
1.69681
1.16219
2.08948
2.19375
1.4267
1.72536
1.11782
1.90703
1.50184
1.83891
1.45291
1.43214
1.49563
1.82916
1.74899
2.18067
1.84091
1.4339
2.00946
1.57685
1.85277
1.47895
2.38137
1.5992
1.85851
1.51845
1.72517
1.34941
2.12893
1.94601
1.31416
1.36717
1.50386
1.46228
1.29014
2.24261
1.08756
1.54069
1.59394
2.09393
1.02834
1.63375
1.60863
2.21916
2.19137
1.81598
1.82904
1.53325
2.32552
2.24195
1.37206
2.01362
1.3527
1.80576
1.63474
1.67814
1.61587
1.61775
1.90039
1.98465
1.33756
1.91327
1.54012
1.58901
1.99188
1.94206
1.67757
1.565
1.89384
1.93242
2.09439
1.62042
1.26326
1.54741
1.7567
1.9308
1.4427
1.48557
1.7063
1.51741
1.51343
1.7107
1.96793
1.18323
1.41365
1.69354
1.68261
2.03342
1.97852
1.4949
1.83626
2.32813
1.93187
1.76049
2.24638
1.658
2.21363
1.6473
1.46184
1.43759
1.54843
1.52944
1.06136
2.98038
