model_data = [0.457289
0.475162
0.263273
0.481971
0.469331
0.439716
0.502285
0.605998
0.605861
0.473589
0.430269
0.302668
0.478487
0.450522
0.384481
0.474291
0.398032
0.4596
0.48302
0.453737
0.435719
0.499241
0.346614
0.454375
0.438199
0.495049
0.50741
0.49105
0.492712
0.46175
0.491105
0.524632
0.491358
0.488915
0.547016
0.372808
0.368353
0.531167
0.440398
0.357329
0.428892
0.398402
0.406392
0.363146
0.310086
0.319886
0.3504
0.439679
0.475013
0.39294
0.482939
0.431334
0.378179
0.393806
0.405682
0.459856
0.406585
0.385934
0.427165
0.462904
0.437536
0.45383
0.513779
0.367579
0.508743
0.368797
0.463682
0.416078
0.339643
0.298063
0.453143
0.457357
0.541682
0.381901
0.365559
0.468069
0.526234
0.555573
0.415857
0.471753
0.471826
0.413264
0.496698
0.474841
0.433288
0.435784
0.38262
0.519069
0.345523
0.369242
0.426572
0.450127
0.311095
0.526641
0.396145
0.456185
0.418651
0.478356
0.441144
0.505982
0.408711
0.402551
0.417422
0.471846
0.453369
0.38717
0.618732
0.436357
0.373269
0.452293
0.4428
0.382877
0.515115
0.565366
0.541984
0.409195
0.434117
0.455008
0.393875
0.393511
0.500763
0.380413
0.499377
0.410038
0.420867
0.528461
0.505379
0.496266
0.304496
0.486095
0.615505
0.495832
0.399657
0.440654
0.405231
0.402737
0.497503
0.361538
0.473312
0.505638
0.340042
0.358736
0.241608
0.434719
0.484255
0.561448
0.489837
0.462527
0.448477
0.389772
0.473374
0.477693
0.512815
0.523606
0.229287
0.351691
0.444855
0.400999
0.430542
0.302318
0.394812
0.380231
0.444526
0.467081
0.483469
0.555896
0.358742
0.373581
0.512146
0.41524
0.532148
0.48839
0.457624
0.479307
0.544685
0.393744
0.260127
0.468936
0.283249
0.528551
0.319973
0.56173
0.487844
0.508455
0.456832
0.280144
0.46971
0.362722
0.547037
0.39357
0.426941
0.363018
0.337299
0.413376
0.570401
0.493869
0.298821
0.517369
0.425873
0.428817
0.581552
0.553798
0.329833
0.535078
0.432803
0.508322
0.430255
0.29259
0.396803
0.484799
0.490927
0.448929
0.348271
0.359201
0.430507
0.564981
0.510822
0.367129
0.417971
0.49583
0.315351
0.544436
0.346042
0.467754
0.375298
0.479154
0.433117
0.387421
0.411407
0.426808
0.28711
0.528492
0.471755
0.428048
0.391988
0.495544
0.419536
0.451594
0.423128
0.392095
0.404315
0.468128
0.597686
0.532048
0.409045
0.412362
0.466656
0.354596
0.416343
0.384649
0.405853
0.521747
0.482013
0.401793
0.517901
0.391837
0.435154
0.585927
0.4627
0.405261
0.386127
0.483564
0.3256
0.440657
0.485437
0.374819
0.570372
0.45589
0.364927
0.439841
0.454008
0.402185
0.406756
0.355744
0.508766
0.378459
0.362324
0.503642
0.472924
0.529701
0.429548
0.431837
0.47303
0.414341
0.563929
0.41601
0.530217
0.417089
0.419339
0.521548
0.461875
0.431001
0.503051
0.458175
0.367297
0.532491
0.523455
0.465512
0.421627
0.454899
0.422403
0.4245
0.523311
0.521033
0.383162
0.32866
0.418977
0.363346
0.415518
0.515224
0.357252
0.480652
0.316783
0.424361
0.310304
0.469473
0.513555
0.380544
0.523494
0.507462
0.351086
0.463429
0.483784
0.486289
0.416555
0.364389
0.537489
0.491758
0.457817
0.378813
0.349848
0.410791
0.477655
0.39675
0.424929
0.470368
0.524698
0.466601
0.503694
0.436648
0.396102
0.307417
0.354475
0.436393
0.585897
0.52626
0.405639
0.52966
0.337047
0.374315
0.319848
0.465903
0.531477
0.492326
0.401741
0.538138
0.435818
0.310295
0.22742
0.509114
0.524268
0.434457
0.409543
0.602155
0.364709
0.324298
0.540922
0.45705
0.429371
0.489076
0.369841
0.381456
0.247502
0.539259
0.394432
0.428905
0.467497
0.465782
0.450945
0.405314
0.346481
0.418302
0.540278
0.296602
0.493054
0.406076
0.439616
0.551379
0.379472
0.432079
0.350365
0.376204
0.449842
0.481843
0.299369
0.317698
0.472158
0.359775
0.330742
0.578967
0.528328
0.442361
0.51249
0.435522
0.496078
0.438529
0.515369
0.431838
0.529555
0.471555
0.530569
0.438776
0.464459
0.356213
0.475771
0.291439
0.444546
0.538969
0.475403
0.461333
0.50952
0.46745
0.407629
0.419889
0.477882
0.429005
0.560966
0.39675
0.548897
0.362276
0.443169
0.422706
0.34531
0.447466
0.444803
0.369414
0.503097
0.479813
0.529143
0.557045
0.465653
0.427296
0.480396
0.447654
0.354219
0.449977
0.503825
0.450339
0.516908
0.394168
0.427925
0.300035
0.440768
0.248553
0.39524
0.457346
0.441311
0.459281
0.337011
0.4953
0.435782
0.364414
0.452468
0.376256
0.415536
0.399173
0.558534
0.440222
0.268168
0.523005
0.439577
0.35203
0.437297
0.42625
0.466012
0.285036
0.485392
0.342808
0.350761
0.477823
0.364563
0.487176
0.416363
0.423725
0.3121
0.540431
0.251684
0.381708
0.440397
0.443954
0.467434
0.578227
0.495752
0.561316
0.453108
0.440384
0.46218
0.407957
0.438739
0.404698
0.537514
0.298799
0.451175
0.477931
0.438169
0.537335
0.484571
0.697952
0.542618
0.565709
0.516551
0.291292
0.430692
0.282118
0.395915
0.543609
0.469353
0.336164
0.34482
0.602269
0.437237
0.520283
0.383393
0.404126
0.398072
0.383501
0.498359
0.606862
0.478263
0.320854
0.53114
0.547282
0.426237
0.513736
0.385977
0.44247
0.365609
0.464071
0.560869
0.36737
0.412827
0.384852
0.469831
0.381816
0.375529
0.430112
0.390329
0.338611
0.459968
0.352009
0.401793
0.419278
0.359245
0.345936
0.453223
0.338813
0.470599
0.425829
0.341613
0.406252
0.453456
0.436124
0.36466
0.483871
0.446977
0.451085
0.358792
0.453003
0.586631
0.370118
0.457142
0.467873
0.451836
0.561804
0.416887
0.450599
0.508352
0.346045
0.570995
0.397698
0.384546
0.470583
0.4681
0.289298
0.516109
0.493592
0.444135
0.455461
0.466844
0.469006
0.389726
0.370995
0.441799
0.439358
0.342934
0.436309
0.551296
0.425377
0.415414
0.507674
0.425732
0.441343
0.439279
0.412931
0.583721
0.397957
0.483185
0.503467
0.481228
0.429112
0.565102
0.4516
0.404187
0.342833
0.492791
0.447567
0.438368
0.552381
0.428558
0.447074
0.409265
0.338237
0.449883
0.525866
0.434606
0.374146
0.549839
0.426427
0.372543
0.524132
0.399907
0.470072
0.339756
0.424724
0.369694
0.414917
0.298754
0.502664
0.430969
0.547808
0.650016
0.445499
0.51134
0.407451
0.429683
0.491722
0.485486
0.382654
0.489784
0.552626
0.472148
0.410548
0.395882
0.504601
0.520152
0.509376
0.458398
0.460414
0.397273
0.39761
0.449981
0.4461
0.390508
0.562829
0.24006
0.416612
0.365943
0.419249
0.57116
0.514102
0.405817
0.403044
0.531663
0.485224
0.504049
0.491003
0.514978
0.390569
0.383266
0.406248
0.508721
0.448869
0.46696
0.410736
0.414749
0.525874
0.271101
0.313208
0.505261
0.577306
0.415239
0.414963
0.406376
0.502281
0.462277
0.371672
0.47476
0.457917
0.369691
0.404772
0.388442
0.485533
0.61538
0.343492
0.480495
0.417679
0.437235
0.23729
0.360216
0.350609
0.55007
0.37721
0.571812
0.413516
0.324877
0.256879
0.538351
0.540765
0.354718
0.381274
0.446443
0.458982
0.329314
0.466715
0.545896
0.459198
0.426516
0.361623
0.474254
0.594954
0.554233
0.490085
0.423983
0.432247
0.475047
0.455901
0.319961
0.414172
0.274557
0.390311
0.49934
0.40998
0.336621
0.440246
0.404308
0.456548
0.398355
0.455666
0.51974
0.372666
0.588088
0.450018
0.548624
0.328153
0.531774
0.325158
0.438141
0.441377
0.490532
0.279953
0.346894
0.2985
0.613387
0.517029
0.340171
0.295943
0.47904
0.431031
0.459854
0.370764
0.388387
0.444775
0.516267
0.436332
0.344377
0.396948
0.459895
0.403159
0.427329
0.353835
0.389699
0.274565
0.506182
0.488066
0.529371
0.301246
0.455191
0.379388
0.404787
0.389749
0.481222
0.404651
0.448535
0.347449
0.454829
0.41027
0.529729
0.41458
0.515791
0.367221
0.433879
0.513124
0.393
0.557044
0.484904
0.360374
0.439842
0.43668
0.443462
0.432346
0.551906
0.504682
0.565999
0.407563
0.398909
0.421674
0.416163
0.521692
0.379114
0.291035
0.408969
0.436898
0.318657
0.417316
0.378131
0.520298
0.45169
0.48507
0.45109
0.411333
0.384576
0.404206
0.407352
0.359022
0.306324
0.402817
0.434217
0.380874
0.423543
0.406748
0.293998
0.564095
0.33871
0.329851
0.363928
0.442097
0.432641
0.439544
0.382911
0.524364
0.409539
0.422014
0.389703
0.344701
0.37047
0.434893
0.357757
0.407943
0.382937
0.47488
0.359576
0.480513
0.526966
0.544268
0.481269
0.46582
0.303199
0.394537
0.658246
0.371464
0.494796
0.497519
0.278833
0.447814
0.461708
0.462881
0.439142
0.471578
0.525564
0.517264
0.532507
0.33914
0.315754
0.47257
0.488428
0.441507
0.481205
0.490797
0.513803
0.509922
0.517005
0.563573
0.426547
0.432419
0.521706
0.417586
0.423268
