model_data = [0.0404341
0.171837
0.0395221
0.174198
0.0986628
0.112873
0.136972
0.0421395
0.123871
0.064385
0.0488459
0.0521821
0.10497
0.0375187
0.123809
0.0630667
0.0400997
0.100299
0.118208
0.0496746
0.0471741
0.112336
0.114697
0.142381
0.0802277
0.133693
0.0377142
0.0918311
0.037246
0.0943688
0.0573484
0.155939
0.108614
0.0332153
0.0927018
0.208773
0.15262
0.0425328
0.0794311
0.0921621
0.0724291
0.0773515
0.193176
0.0691496
0.0193685
0.0472322
0.0383377
0.0490189
0.156181
0.133696
0.0744392
0.0670357
0.0999688
0.068478
0.0208933
0.0837192
0.0873346
0.112688
0.12506
0.0576764
0.0540825
0.0335759
0.165802
0.0461796
0.1158
0.0598266
0.161665
0.0274591
0.0872347
0.0992467
0.0646017
0.0748044
0.092013
0.0892597
0.0624184
0.0998117
0.0882391
0.109458
0.0794567
0.0895808
0.0572785
0.142782
0.0473449
0.0496153
0.0855603
0.135474
0.109372
0.113663
0.0464009
0.0906116
0.0912179
0.106374
0.0238496
0.122876
0.112102
0.0600856
0.059769
0.0297886
0.057021
0.0859812
0.10433
0.160268
0.109179
0.0622331
0.118221
0.162419
0.0637359
0.0640643
0.0846715
0.0883775
0.0730359
0.0471609
0.0894825
0.097523
0.0632815
0.103886
0.0880226
0.160848
0.114627
0.0461968
0.0731727
0.0932389
0.156446
0.122853
0.152679
0.154936
0.0988658
0.209427
0.133873
0.0993968
0.0604286
0.0934718
0.0993057
0.102487
0.133508
0.0951839
0.123896
0.065753
0.0767162
0.0705008
0.0380756
0.0490924
0.0861029
0.121461
0.0568141
0.117044
0.179325
0.118689
0.017307
0.0825642
0.134952
0.0864639
0.0852858
0.173154
0.0803044
0.0748547
0.072676
0.0562577
0.0893286
0.0641369
0.0799391
0.0615994
0.144109
0.0896432
0.0507733
0.0740592
0.0669802
0.0572877
0.0996112
0.0988561
0.0242062
0.125227
0.0596002
0.0703427
0.142457
0.0738086
0.0767183
0.116215
0.0510428
0.150951
0.0698476
0.0240504
0.107958
0.0936606
0.0672184
0.147378
0.120741
0.0698881
0.242067
0.06562
0.0955429
0.104609
0.0723403
0.0623225
0.177023
0.101069
0.123079
0.145192
0.0544417
0.0742308
0.093169
0.0924383
0.0734526
0.0663636
0.0499024
0.111529
0.074528
0.0543422
0.0775884
0.0333418
0.0843009
0.0557614
0.0731278
0.0713013
0.0690571
0.0345662
0.0788178
0.0913871
0.112617
0.120027
0.120653
0.0614661
0.0450258
0.149993
0.0777056
0.10057
0.109171
0.0617427
0.11275
0.0655775
0.0707204
0.163839
0.113001
0.0798495
0.0315505
0.0594185
0.15143
0.0133344
0.0454433
0.0961641
0.157121
0.0814614
0.0668862
0.103818
0.0664055
0.0493903
0.103625
0.0724587
0.0846119
0.0266441
0.070302
0.116917
0.140001
0.0606586
0.092163
0.0650905
0.138018
0.0508824
0.0585603
0.0457103
0.0426332
0.13099
0.10837
0.080689
0.104533
0.132557
0.121804
0.0831209
0.143657
0.0667932
0.0631111
0.0616996
0.085834
0.042246
0.0996435
0.192704
0.0886274
0.0668465
0.0998041
0.0338945
0.177172
0.0833655
0.159506
0.0763321
0.0963821
0.0467709
0.0609838
0.0640497
0.0123845
0.0224065
0.148605
0.0359501
0.090068
0.11784
0.103679
0.0763737
0.0291868
0.13482
0.115384
0.0663653
0.092434
0.0536791
0.0864671
0.128383
0.0695409
0.11658
0.103346
0.045575
0.0764354
0.196894
0.0451208
0.117442
0.0604902
0.103023
0.175675
0.0492202
0.0483249
0.0427854
0.0750811
0.0579683
0.167811
0.106882
0.118108
0.0528445
0.0556057
0.144801
0.07225
0.192565
0.12501
0.0643451
0.0431106
0.0599519
0.0897223
0.023696
0.0618954
0.0697671
0.068275
0.0894388
0.0471174
0.0705508
0.114191
0.108249
0.0660118
0.13107
0.0791922
0.117321
0.153478
0.0697575
0.0411302
0.110293
0.0502363
0.0157492
0.120551
0.104098
0.0555075
0.020397
0.0459678
0.0578235
0.0411246
0.105757
0.0660948
0.100685
0.0838919
0.108221
0.160724
0.200183
0.142955
0.111554
0.0341959
0.165613
0.019668
0.118852
0.0489475
0.127842
0.0951642
0.0372856
0.0575987
0.0565299
0.0588449
0.0398121
0.0946912
0.0571497
0.0655744
0.0482152
0.105161
0.0399016
0.121669
0.0679151
0.0389634
0.108191
0.0655134
0.0205518
0.0821164
0.0445103
0.0944358
0.049051
0.0973743
0.0657795
0.105789
0.117285
0.134665
0.121633
0.0562822
0.135534
0.0845716
0.180449
0.121929
0.0565992
0.0497486
0.0802083
0.200493
0.195844
0.101415
0.114668
0.182664
0.137973
0.142298
0.0613523
0.0581834
0.0536732
0.0549183
0.0689092
0.128731
0.0512269
0.0741672
0.087529
0.0507774
0.0769536
0.157337
0.0495017
0.14422
0.105629
0.0636983
0.0661904
0.0399908
0.262607
0.114074
0.0672867
0.0563887
0.193173
0.127605
0.179269
0.110066
0.0112344
0.0955764
0.0621899
0.0404073
0.0616664
0.0803103
0.0501102
0.0797354
0.0421182
0.0471806
0.0962778
0.148968
0.0915168
0.083755
0.0734918
0.0957621
0.124396
0.0551195
0.0342005
0.129895
0.144708
0.130738
0.0938149
0.0999629
0.089006
0.0715382
0.119306
0.0297555
0.109768
0.0944804
0.138461
0.0898869
0.127934
0.0908943
0.111989
0.0812968
0.0893221
0.125593
0.088997
0.112388
0.0603258
0.153026
0.0793461
0.137381
0.0464794
0.0282029
0.118445
0.100761
0.0593554
0.0887067
0.130916
0.0807465
0.0706622
0.0953906
0.135162
0.124886
0.071774
0.0839412
0.043216
0.0863887
0.0322907
0.0879798
0.14379
0.0904045
0.0548687
0.118474
0.081871
0.170626
0.0683689
0.049347
0.161494
0.125326
0.0690694
0.0656253
0.112404
0.111013
0.14506
0.0640487
0.0850963
0.0393227
0.0334619
0.0652685
0.0854132
0.0876792
0.138674
0.0481447
0.0603431
0.163334
0.148184
0.158637
0.163239
0.119219
0.0281218
0.13926
0.0207358
0.0927178
0.095971
0.0655843
0.127249
0.0568596
0.130715
0.0960651
0.0539406
0.125033
0.162792
0.063691
0.0787891
0.0831618
0.104814
0.0694071
0.0788991
0.0640572
0.0399779
0.0538468
0.125159
0.0911066
0.10554
0.0414497
0.0733916
0.0889539
0.0890322
0.0896338
0.075056
0.106748
0.0440231
0.103316
0.0850384
0.0915656
0.140178
0.0501807
0.115314
0.0852208
0.133301
0.0285187
0.135951
0.0580206
0.109128
0.0986533
0.0561527
0.063468
0.0639888
0.0866577
0.255806
0.0413847
0.108543
0.0959937
0.176651
0.0986079
0.124576
0.224048
0.0933163
0.097232
0.0932571
0.0871742
0.0748222
0.134729
0.0484066
0.0601851
0.172574
0.122181
0.108537
0.0981311
0.0954963
0.0615578
0.0645388
0.0524457
0.0832884
0.0626135
0.149087
0.0795127
0.0886144
0.0946895
0.0580499
0.0899387
0.146936
0.083877
0.0537499
0.119725
0.048305
0.177413
0.0845039
0.0518482
0.0604506
0.0417755
0.0981773
0.097173
0.144056
0.121388
0.00456179
0.0810303
0.0375225
0.0515388
0.126239
0.0833993
0.130957
0.0385161
0.0967111
0.0285078
0.0702908
0.0421791
0.0779155
0.0242615
0.0504999
0.0701092
0.105027
0.119988
0.1274
0.0856528
0.0745768
0.0633015
0.109187
0.0971847
0.065072
0.139542
0.184322
0.170617
0.116291
0.0390782
0.0965286
0.0722629
0.12504
0.0719556
0.115578
0.0773237
0.0530033
0.164235
0.103606
0.0677613
0.153396
0.127252
0.161951
0.0358206
0.0377601
0.049333
0.0896017
0.0724448
0.138941
0.14129
0.154846
0.148642
0.126888
0.144527
0.0348365
0.0566751
0.140901
0.0832588
0.0219138
0.0754555
0.11414
0.105541
0.106849
0.0464679
0.122132
0.0803408
0.0667003
0.0869111
0.0946785
0.210752
0.0639745
0.0777336
0.18393
0.0519158
0.0521253
0.0384008
0.100979
0.0908159
0.103476
0.151189
0.0722917
0.0593455
0.113391
0.158878
0.196279
0.147929
0.0961903
0.154535
0.041127
0.075747
0.064207
0.063185
0.133942
0.0897625
0.107206
0.119939
0.0922192
0.12451
0.0420761
0.0531249
0.172574
0.0470834
0.114661
0.106617
0.100232
0.108404
0.0620123
0.0619313
0.173394
0.133327
0.0578669
0.0462762
0.0672108
0.125698
0.0559855
0.0343345
0.196012
0.0379996
0.0756371
0.0964064
0.207047
0.162755
0.0885799
0.0817149
0.0397389
0.0396728
0.0986926
0.0715413
0.0892836
0.131414
0.10477
0.0576576
0.0900663
0.0568946
0.0683428
0.192001
0.160705
0.0848036
0.16684
0.042497
0.0422219
0.0999198
0.0727974
0.186127
0.0797627
0.0412629
0.102094
0.103445
0.126169
0.0686015
0.101449
0.115571
0.103628
0.0821238
0.0401367
0.0497639
0.117105
0.0916905
0.0745882
0.0708263
0.0845207
0.0520753
0.0691687
0.055018
0.07442
0.020138
0.102214
0.0487373
0.0505526
0.0965221
0.14541
0.0293425
0.120373
0.123919
0.0407719
0.0838581
0.0442827
0.0606405
0.0612172
0.123696
0.103914
0.0907947
0.0766679
0.0311826
0.0287833
0.109663
0.0550197
0.112212
0.159857
0.109931
0.030621
0.0342901
0.0739975
0.092628
0.138263
0.0537285
0.145167
0.0699073
0.1287
0.0882046
0.144241
0.184422
0.14823
0.0856931
0.174992
0.0386226
0.0504471
