model_data = [0.361243
0.567227
0.384401
0.471992
0.406346
0.257193
0.445496
0.542578
0.413178
0.429006
0.447293
0.368554
0.552153
0.427966
0.497427
0.330969
0.359572
0.461732
0.427694
0.517305
0.421355
0.519563
0.558169
0.407437
0.307578
0.551424
0.414855
0.441184
0.478428
0.417255
0.497955
0.374098
0.410628
0.406991
0.422271
0.387712
0.466019
0.389584
0.401273
0.382674
0.343166
0.464926
0.452483
0.484943
0.449172
0.468461
0.433065
0.447775
0.486519
0.435981
0.478656
0.409777
0.424489
0.344133
0.230469
0.408431
0.399943
0.435793
0.336567
0.350347
0.501615
0.551427
0.525028
0.447767
0.412336
0.399392
0.372445
0.399587
0.345939
0.346834
0.492977
0.5345
0.397354
0.420609
0.351465
0.355381
0.334582
0.369976
0.349112
0.387001
0.450377
0.328456
0.489845
0.313847
0.327028
0.382872
0.391065
0.35689
0.387233
0.44027
0.460572
0.40525
0.44366
0.375362
0.478245
0.419627
0.425368
0.532347
0.596317
0.442447
0.453817
0.39207
0.512466
0.453727
0.360616
0.559879
0.521718
0.464113
0.435161
0.485982
0.372481
0.494567
0.406645
0.41738
0.395334
0.508541
0.400844
0.335997
0.445856
0.242617
0.390437
0.397751
0.305616
0.35828
0.462599
0.468529
0.417274
0.416501
0.334891
0.561001
0.412831
0.485358
0.428603
0.340182
0.448115
0.516489
0.462612
0.411213
0.397272
0.538261
0.527487
0.455029
0.498336
0.444552
0.396981
0.39019
0.409078
0.423021
0.431408
0.459413
0.384354
0.386712
0.516275
0.348285
0.435012
0.543466
0.370055
0.453731
0.408096
0.417242
0.385267
0.465584
0.458318
0.42956
0.370047
0.440638
0.354151
0.531174
0.444065
0.619839
0.462151
0.538793
0.414772
0.475716
0.444354
0.43713
0.506569
0.436415
0.403992
0.427815
0.468675
0.486089
0.47613
0.444293
0.355139
0.434938
0.475826
0.44515
0.565685
0.399439
0.442859
0.489877
0.404854
0.347991
0.481525
0.466384
0.420374
0.385225
0.358435
0.425836
0.365928
0.435155
0.387742
0.385316
0.494114
0.381362
0.487407
0.475794
0.287633
0.485481
0.461611
0.544883
0.394548
0.461787
0.525124
0.430251
0.49443
0.439042
0.213215
0.386677
0.547282
0.382791
0.372567
0.479459
0.430345
0.282442
0.394289
0.38481
0.410506
0.458713
0.52311
0.416301
0.337123
0.300192
0.424498
0.353767
0.620696
0.470355
0.436145
0.43061
0.535947
0.448827
0.355686
0.412868
0.436936
0.434571
0.508347
0.583958
0.442692
0.356723
0.43275
0.485998
0.487026
0.426396
0.507873
0.459674
0.47053
0.404154
0.569189
0.42431
0.392409
0.463486
0.249755
0.465542
0.44518
0.300921
0.409562
0.369994
0.393524
0.469623
0.474107
0.502382
0.452241
0.291635
0.530638
0.48806
0.387582
0.470929
0.474696
0.43221
0.360069
0.242614
0.321898
0.39462
0.274316
0.506592
0.350334
0.419685
0.518435
0.304168
0.354862
0.293633
0.413511
0.411606
0.465368
0.392247
0.372791
0.407685
0.544073
0.446337
0.441362
0.454276
0.438399
0.367011
0.429885
0.34172
0.443809
0.528045
0.470064
0.306081
0.453027
0.427386
0.438857
0.443894
0.612799
0.350939
0.488359
0.361139
0.494281
0.518619
0.435541
0.372534
0.390652
0.474186
0.391806
0.449504
0.446557
0.410464
0.441649
0.513558
0.339262
0.495681
0.467923
0.581211
0.361596
0.315686
0.434003
0.381174
0.404461
0.445017
0.493775
0.451394
0.518768
0.395946
0.485908
0.441724
0.462285
0.344203
0.58458
0.564655
0.406877
0.602004
0.372023
0.423748
0.490003
0.442106
0.421491
0.337605
0.429398
0.425401
0.468178
0.241248
0.522463
0.324708
0.368274
0.408202
0.47378
0.49278
0.527247
0.324182
0.487479
0.46206
0.384569
0.517818
0.527776
0.443592
0.461722
0.40479
0.399012
0.500686
0.514997
0.360635
0.340035
0.437464
0.392338
0.417357
0.459294
0.390582
0.516761
0.510861
0.515711
0.519311
0.281423
0.548619
0.451443
0.567242
0.384351
0.468412
0.493132
0.282142
0.345979
0.384731
0.410743
0.283618
0.456648
0.377537
0.4136
0.484337
0.454606
0.506718
0.457049
0.395436
0.453825
0.472525
0.429014
0.449436
0.447475
0.507858
0.485571
0.414569
0.392873
0.539631
0.556432
0.426318
0.276157
0.451965
0.491047
0.361058
0.478618
0.372413
0.357182
0.4732
0.313074
0.372502
0.342184
0.46857
0.372496
0.501736
0.415604
0.551588
0.408619
0.384934
0.429464
0.517475
0.443839
0.405465
0.469639
0.454211
0.461887
0.498687
0.601012
0.49047
0.354739
0.512603
0.351135
0.47074
0.270254
0.398276
0.521805
0.355774
0.374477
0.350287
0.455757
0.254215
0.34166
0.375338
0.371753
0.420028
0.517437
0.397484
0.45766
0.441451
0.358089
0.332974
0.491838
0.37068
0.461509
0.406447
0.509113
0.407925
0.521738
0.462698
0.507411
0.393652
0.469655
0.37821
0.341457
0.519701
0.435911
0.466777
0.313214
0.365677
0.437821
0.333844
0.439167
0.304555
0.377079
0.486062
0.422782
0.592704
0.331293
0.433676
0.482375
0.554774
0.316365
0.387466
0.473566
0.457448
0.355471
0.500583
0.47373
0.280724
0.523238
0.437143
0.442836
0.34475
0.370162
0.47773
0.458835
0.462315
0.483987
0.360808
0.40946
0.424131
0.304414
0.572698
0.393716
0.455076
0.383986
0.434394
0.468078
0.443853
0.489576
0.450756
0.370855
0.53234
0.43654
0.489624
0.611918
0.357857
0.372456
0.463397
0.46723
0.37902
0.537482
0.477845
0.474983
0.427796
0.476655
0.412883
0.420694
0.405806
0.338547
0.365958
0.419414
0.503069
0.4326
0.519119
0.409616
0.494911
0.468603
0.546848
0.441025
0.3903
0.345006
0.35056
0.381811
0.444947
0.360469
0.454209
0.432617
0.41998
0.445706
0.433177
0.347132
0.581159
0.54208
0.418848
0.497358
0.535014
0.416404
0.546469
0.51882
0.384271
0.417245
0.35383
0.469995
0.509322
0.42186
0.516791
0.385357
0.505225
0.372966
0.420447
0.425075
0.271838
0.411965
0.354924
0.526824
0.37128
0.405838
0.36475
0.387622
0.407463
0.398363
0.350425
0.30001
0.44881
0.417785
0.521553
0.416524
0.485808
0.517627
0.338633
0.487094
0.535309
0.38598
0.417995
0.550753
0.453769
0.532431
0.34793
0.49545
0.466955
0.475924
0.493487
0.471412
0.42309
0.441953
0.453646
0.386365
0.365802
0.394626
0.45977
0.49017
0.196737
0.436259
0.528038
0.487897
0.460302
0.331858
0.440348
0.525607
0.561021
0.405357
0.570824
0.420501
0.54851
0.555004
0.407957
0.445042
0.376959
0.575475
0.427706
0.480218
0.437957
0.419592
0.420538
0.405763
0.387193
0.477864
0.493769
0.50601
0.427018
0.296867
0.370764
0.410394
0.301139
0.494433
0.379908
0.468363
0.412721
0.490617
0.348771
0.553472
0.416778
0.47173
0.360135
0.440987
0.377496
0.490318
0.484963
0.359116
0.502859
0.500467
0.390636
0.375145
0.306573
0.421448
0.501994
0.374138
0.482321
0.414259
0.46643
0.346017
0.333469
0.458078
0.412143
0.373772
0.38881
0.332951
0.415147
0.471757
0.379236
0.427137
0.512817
0.410308
0.448758
0.403264
0.394228
0.257251
0.408413
0.491149
0.418726
0.458573
0.269733
0.325352
0.435344
0.492762
0.412768
0.361676
0.393655
0.435659
0.437071
0.513545
0.443847
0.371704
0.424702
0.485116
0.424897
0.306714
0.399732
0.47589
0.413305
0.518357
0.516594
0.482025
0.425084
0.449793
0.42737
0.444375
0.47252
0.328875
0.333495
0.431217
0.508079
0.471363
0.384959
0.491954
0.502008
0.391984
0.377422
0.451558
0.550103
0.351035
0.490118
0.443235
0.434696
0.461711
0.530123
0.411518
0.51713
0.42731
0.378158
0.507445
0.459131
0.490737
0.437914
0.436492
0.405698
0.445405
0.344101
0.458066
0.461386
0.423006
0.453064
0.476602
0.386764
0.413931
0.377761
0.493388
0.457172
0.378381
0.364458
0.442823
0.398689
0.35288
0.529934
0.541851
0.444045
0.437235
0.327843
0.504214
0.266899
0.360607
0.5146
0.41564
0.443861
0.43045
0.529174
0.490177
0.260995
0.517814
0.39527
0.354188
0.350539
0.431049
0.372552
0.407058
0.389208
0.378729
0.504565
0.411059
0.449914
0.387962
0.433308
0.369727
0.320492
0.537225
0.409012
0.413458
0.467372
0.367045
0.518182
0.330887
0.442916
0.566904
0.373634
0.446121
0.412472
0.498537
0.438659
0.57562
0.633358
0.348574
0.315052
0.515777
0.511779
0.532166
0.452473
0.452494
0.439788
0.375224
0.558185
0.396442
0.467754
0.366177
0.432296
0.306765
0.471476
0.526095
0.501143
0.488621
0.388706
0.449476
0.416626
0.415412
0.363489
0.426254
0.48927
0.479516
0.407274
0.400835
0.443954
0.364989
0.501851
0.474662
0.37439
0.454614
0.476702
0.355982
0.25454
0.552651
0.431159
0.432124
0.403279
0.438694
0.429022
0.38712
0.344082
0.430328
0.456327
0.511727
0.406264
0.370441
0.518654
0.35678
0.30482
0.401656
0.425326
0.530804
0.407386
0.36708
0.470249
0.414926
0.484676
0.336268
