model_data = [0.0853397
0.140249
0.0575336
0.0364771
0.115539
0.173826
0.133537
0.0942296
0.0656833
0.0819082
0.0428783
0.107227
0.0682619
0.120421
0.125327
0.0683473
0.0881429
0.0982879
0.115441
0.187976
0.0699575
0.116671
0.0712608
0.123896
0.0555258
0.063988
0.112448
0.0606979
0.116497
0.108387
0.0623283
0.046205
0.0326562
0.146039
0.0639156
0.0943173
0.153677
0.0414718
0.163886
0.134836
0.0714801
0.110943
0.0595798
0.0559893
0.0562961
0.0074068
0.0700344
0.0611037
0.0978218
0.106899
0.0694317
0.166406
0.0758357
0.0731781
0.0470785
0.0379713
0.143579
0.0896522
0.0910983
0.0739415
0.0941506
0.0431826
0.0498669
0.157187
0.165343
0.0761569
0.0992935
0.120753
0.0648804
0.19179
0.141157
0.0784131
0.0961766
0.109337
0.0519191
0.0575986
0.0720708
0.0870463
0.0216161
0.0812426
0.123162
0.111421
0.0545293
0.00963274
0.0872918
0.0779029
0.12533
0.033394
0.0620223
0.15917
0.0473477
0.0448447
0.0579925
0.00920526
0.0990689
0.115411
0.0728754
0.0799403
0.0651129
0.122722
0.0276241
0.0555996
0.103105
0.0572811
0.160579
0.0973889
0.058586
0.0959973
0.0688388
0.0776535
0.0662553
0.139693
0.0592292
0.0549788
0.0348743
0.173324
0.149141
0.0428204
0.136917
0.126475
0.1349
0.160336
0.0885456
0.0967428
0.0436936
0.0854967
0.0307855
0.0744805
0.0737675
0.0681658
0.066856
0.0419043
0.0729505
0.0421938
0.0414104
0.0461087
0.0311996
0.0839961
0.0484509
0.0912137
0.0716313
0.0442998
0.0398726
0.0719847
0.10729
0.109001
0.0891615
0.0606635
0.102323
0.0837635
0.0620743
0.10238
0.0667962
0.0724244
0.119309
0.0903013
0.0674934
0.0935687
0.0602078
0.0570507
0.0719195
0.0978383
0.0461451
0.123243
0.122364
0.0703771
0.0960781
0.0381867
0.0388127
0.0489558
0.0766495
0.0500584
0.153749
0.0364527
0.133695
0.0760258
0.0253369
0.0785112
0.0635777
0.0597154
0.0860409
0.122727
0.129566
0.136451
0.129398
0.00897031
0.13746
0.116765
0.039588
0.0889643
0.0668394
0.147182
0.0494684
0.0552231
0.1293
0.042862
0.113661
0.0530913
0.0389675
0.0912589
0.0890233
0.0530369
0.133102
0.0602201
0.193833
0.104415
0.0909783
0.0257025
0.0739467
0.0469026
0.151823
0.132767
0.0850167
0.0322968
0.080922
0.127753
0.126975
0.149897
0.104795
0.185081
0.0882619
0.20867
0.039359
0.0299387
0.0838023
0.100968
0.0453742
0.147442
0.0690368
0.0792023
0.180369
0.102125
0.0304896
0.173716
0.031442
0.101606
0.0736833
0.0373919
0.0596175
0.116967
0.107118
0.119074
0.193495
0.0709657
0.139016
0.198764
0.183784
0.0493399
0.0614577
0.166118
0.137186
0.0365476
0.0450573
0.142242
0.0519775
0.0748655
0.104786
0.132436
0.0351307
0.178166
0.0355654
0.0596634
0.107863
0.148241
0.0875018
0.147288
0.0776211
0.0447062
0.0939329
0.119898
0.160258
0.036481
0.0698099
0.104462
0.171237
0.029895
0.071494
0.04779
0.12148
0.10907
0.113634
0.134486
0.0913377
0.0711688
0.0874825
0.0920416
0.0685566
0.0687113
0.202491
0.0603874
0.0645462
0.0387177
0.0534877
0.0455062
0.0837317
0.108957
0.0645119
0.0496207
0.0523098
0.130778
0.0778965
0.0771858
0.0360481
0.0670601
0.0762807
0.141017
0.107113
0.0121427
0.121557
0.0727212
0.0695636
0.0561273
0.147061
0.092363
0.0329692
0.0714122
0.0870069
0.0745534
0.130728
0.0627412
0.0662439
0.069663
0.0217516
0.0919578
0.0772365
0.0476722
0.116898
0.133005
0.131994
0.113107
0.0424378
0.0695712
0.0733672
0.0312201
0.0429646
0.0444478
0.0625132
0.0545399
0.0689785
0.137929
0.0527266
0.0832171
0.0940244
0.134278
0.0889575
0.0860391
0.0659823
0.0781481
0.176849
0.0710344
0.112034
0.045434
0.0484803
0.104792
0.137124
0.0434402
0.0273137
0.0736543
0.0932345
0.068333
0.0908848
0.0786211
0.0301951
0.00770054
0.0243694
0.0406454
0.123135
0.0687171
0.0703605
0.0809668
0.0299584
0.0563744
0.0855854
0.0829686
0.0492343
0.089522
0.0833244
0.096807
0.0888711
0.134108
0.0251689
0.11805
0.139949
0.125896
0.0696594
0.0540091
0.120167
0.0693946
0.192995
0.041368
0.133228
0.110925
0.1334
0.112166
0.0511421
0.0771951
0.097877
0.0516731
0.0827841
0.0791849
0.0621205
0.0960997
0.0780832
0.0823843
0.137091
0.0988457
0.0585761
0.0746428
0.075416
0.0962927
0.130406
0.0870577
0.029999
0.0255538
0.193304
0.105114
0.105832
0.0688172
0.141351
0.0845794
0.0913381
0.0951504
0.0809277
0.0440665
0.0757538
0.167184
0.139825
0.107052
0.0677573
0.0359253
0.11134
0.115259
0.107026
0.0613855
0.0739159
0.134381
0.0803747
0.083343
0.181981
0.0627899
0.0814395
0.137131
0.0921363
0.115711
0.054037
0.0448609
0.0959418
0.109766
0.0447501
0.0481855
0.0806381
0.0907405
0.106208
0.0761698
0.0769059
0.0705421
0.0350012
0.115027
0.0935802
0.0207276
0.146583
0.148882
0.041315
0.0479003
0.170361
0.104582
0.0248038
0.0970182
0.0997745
0.096762
0.109445
0.0515476
0.0397729
0.0832071
0.0339629
0.095906
0.0469279
0.0989442
0.0594614
0.0351488
0.0622945
0.104685
0.0680216
0.0609567
0.0503593
0.0764127
0.0350352
0.0650095
0.0474355
0.115011
0.0686916
0.0839271
0.0652081
0.078097
0.157369
0.147007
0.0460621
0.134976
0.0295204
0.0664797
0.0680758
0.0722014
0.0387853
0.117062
0.0237558
0.0320897
0.174473
0.0690127
0.177112
0.0560594
0.108045
0.0719637
0.0493939
0.0262807
0.0493013
0.0649581
0.0899556
0.0721502
0.116881
0.0939198
0.0577
0.0620293
0.067909
0.12739
0.151134
0.0632519
0.032944
0.130761
0.0778326
0.0575234
0.028195
0.0623338
0.0966091
0.144306
0.0528894
0.0380068
0.118159
0.050925
0.100325
0.0808558
0.0607533
0.174872
0.107994
0.0160185
0.0368057
0.0805398
0.0917692
0.0536755
0.0737663
0.0704497
0.0490666
0.051185
0.0510379
0.0997308
0.0817948
0.0213991
0.0589886
0.0726289
0.0934118
0.0654969
0.121802
0.0313228
0.0977867
0.0434074
0.0965828
0.111455
0.0558852
0.0952964
0.0568827
0.066703
0.0911379
0.0711087
0.0621535
0.0550402
0.136762
0.175778
0.0669821
0.0935071
0.0545264
0.113106
0.0882044
0.0381113
0.127573
0.0465324
0.114448
0.0563323
0.170863
0.127932
0.084433
0.133901
0.0949185
0.137536
0.060397
0.0508173
0.0670442
0.0867807
0.0852578
0.164495
0.124194
0.179529
0.0996317
0.0946766
0.184792
0.143519
0.0651349
0.0530978
0.111475
0.0674229
0.105404
0.0931216
0.0837861
0.0688839
0.0739512
0.0851644
0.121876
0.063346
0.188841
0.0751822
0.245842
0.174658
0.117788
0.150724
0.15218
0.110575
0.0529042
0.116055
0.0918272
0.0891885
0.0337576
0.104598
0.170968
0.0893053
0.0639581
0.0752564
0.091306
0.118621
0.0558216
0.0201097
0.157573
0.131541
0.0568464
0.0507614
0.0366277
0.129498
0.219546
0.0464681
0.0776105
0.103087
0.0574242
0.0817956
0.0501632
0.145891
0.057507
0.0399774
0.105951
0.100784
0.157706
0.04677
0.106892
0.0615084
0.140905
0.0841407
0.131446
0.140522
0.0909276
0.0207019
0.0824297
0.122011
0.0750073
0.154982
0.0989688
0.141787
0.130942
0.108041
0.0798842
0.0712899
0.106284
0.0829697
0.108761
0.0672064
0.0826705
0.112884
0.115312
0.049749
0.115483
0.0818705
0.0452876
0.111473
0.0709976
0.146836
0.0347643
0.0864378
0.084931
0.225176
0.0504322
0.0974326
0.125441
0.108482
0.0771071
0.172199
0.0623397
0.192187
0.135184
0.0474547
0.0381169
0.0790329
0.229541
0.0320383
0.0922599
0.102945
0.111632
0.130784
0.0823218
0.0711839
0.109153
0.154022
0.169112
0.113318
0.076924
0.0638385
0.0534666
0.0800273
0.0653959
0.14747
0.0895219
0.116494
0.174762
0.0614428
0.111016
0.104243
0.087329
0.111122
0.0663949
0.0804947
0.0895866
0.101422
0.103932
0.040069
0.0890387
0.109156
0.0710456
0.0905903
0.078978
0.103612
0.149444
0.100288
0.0939704
0.0764738
0.102213
0.080834
0.0596385
0.0419925
0.085808
0.0395832
0.11971
0.149046
0.0644928
0.0974935
0.0646422
0.0489272
0.0770691
0.0900152
0.134248
0.0585104
0.115185
0.0480136
0.103396
0.0884753
0.0661208
0.0647071
0.118609
0.0976053
0.023405
0.0646767
0.0609618
0.0489484
0.099991
0.0805351
0.0588281
0.131494
0.0504034
0.134958
0.106483
0.0540771
0.0722387
0.117418
0.10177
0.0440103
0.100647
0.19563
0.134394
0.113504
0.0863653
0.0706988
0.136222
0.203929
0.068339
0.125663
0.0744364
0.0531676
0.0303739
0.051844
0.0786198
0.0578445
0.144223
0.0506058
0.0553922
0.0459425
0.0870885
0.046213
0.0565159
0.109944
0.1039
0.116462
0.0967422
0.0906656
0.104485
0.0592528
0.140206
0.0363855
0.0479947
0.139256
0.022859
0.0577911
0.177789
0.0412144
0.0668148
0.0361897
0.13129
0.0342575
0.0839433
0.107083
0.0816648
0.132014
0.0476224
