ip_mh_rejected = 0.000500025;

