ip_mh_rejected = 0.000500025;

ip_mh_rejected = 0.000450023;

ip_mh_rejected = 0.000450023;

ip_mh_rejected = 0.000300015;

ip_mh_rejected = 0.000300015;

ip_mh_rejected = 0.000300015;

ip_mh_rejected = 0.000300015;

ip_mh_rejected = 0.00150008;

