ip_mh_rejected = 0.000500025;

ip_mh_rejected = 0.000450023;

