ip_logTarget_unified = zeros(1000,1);
ip_logTarget_unified = [-14.5695
-13.3964
-13.5419
-12.1488
-10.0281
-9.88298
-9.66756
-9.9019
-11.3571
-11.1502
-12.9986
-12.7808
-11.4065
-11.1215
-10.8725
-9.22498
-9.33851
-8.49629
-8.77602
-6.92032
-5.63737
-5.17528
-4.23913
-3.90274
-3.56625
-3.60605
-3.67033
-3.58574
-3.36945
-3.42939
-3.91515
-3.53201
-3.79644
-3.87258
-3.98655
-3.94742
-4.03034
-4.60421
-4.33002
-4.14373
-3.77986
-3.3629
-3.21617
-3.10287
-2.79884
-2.7813
-2.75881
-3.06344
-3.31269
-3.32908
-2.97953
-2.40252
-2.44091
-2.31406
-2.37558
-2.21706
-2.19402
-2.24659
-2.23131
-2.33998
-2.33484
-2.29994
-2.24388
-2.20017
-2.18535
-2.15259
-2.12689
-2.14601
-2.01945
-2.00813
-2.04116
-2.1053
-2.05251
-1.97909
-2.00892
-1.98075
-1.91565
-1.91089
-1.90976
-1.90466
-1.94138
-1.92409
-1.96051
-2.01776
-2.08991
-2.15543
-2.15758
-2.10148
-2.17248
-2.153
-2.08268
-2.08432
-2.02074
-2.0961
-2.01154
-1.94655
-1.95952
-1.89257
-1.91805
-1.89148
-1.86207
-1.84901
-1.8457
-1.87949
-1.90033
-1.88048
-1.88889
-1.88753
-1.90994
-1.92271
-1.97496
-1.89258
-2.00334
-2.07329
-2.01538
-2.01382
-1.94453
-1.93366
-1.90054
-1.88329
-1.8993
-1.85536
-1.83482
-1.84292
-1.84247
-1.88811
-1.86882
-1.84397
-1.87601
-1.87628
-1.8829
-1.84591
-1.85119
-1.83689
-1.82492
-1.83278
-1.8584
-1.82748
-1.83229
-1.82216
-1.81294
-1.80947
-1.80373
-1.80567
-1.80515
-1.80261
-1.80729
-1.80162
-1.80984
-1.82216
-1.80938
-1.81459
-1.80726
-1.81172
-1.8058
-1.80704
-1.80852
-1.8068
-1.80362
-1.80324
-1.80376
-1.80297
-1.80355
-1.79821
-1.79848
-1.79737
-1.79547
-1.79443
-1.79464
-1.79595
-1.79447
-1.79353
-1.79353
-1.79362
-1.79395
-1.7941
-1.79415
-1.79395
-1.7944
-1.79511
-1.79474
-1.79563
-1.79567
-1.79541
-1.79484
-1.79643
-1.7951
-1.7955
-1.79648
-1.79641
-1.79453
-1.79418
-1.79414
-1.79445
-1.79388
-1.79368
-1.79415
-1.79384
-1.79354
-1.79407
-1.79394
-1.79473
-1.79454
-1.79612
-1.79387
-1.79341
-1.79441
-1.7936
-1.79409
-1.79366
-1.79447
-1.79681
-1.79407
-1.79388
-1.79411
-1.79452
-1.79305
-1.79257
-1.7926
-1.79258
-1.79293
-1.79269
-1.79261
-1.79248
-1.79272
-1.79274
-1.79258
-1.79264
-1.79278
-1.79271
-1.79243
-1.79224
-1.79233
-1.79223
-1.79218
-1.79234
-1.79222
-1.7923
-1.79236
-1.7926
-1.79235
-1.7921
-1.79254
-1.79247
-1.79227
-1.79223
-1.79203
-1.79211
-1.79213
-1.79211
-1.79213
-1.79241
-1.79271
-1.79264
-1.79303
-1.79277
-1.79316
-1.79362
-1.79294
-1.79299
-1.79291
-1.79283
-1.79264
-1.7925
-1.79262
-1.79248
-1.79255
-1.79263
-1.79254
-1.79259
-1.79302
-1.79263
-1.79272
-1.79321
-1.79273
-1.79296
-1.7923
-1.79228
-1.7922
-1.79227
-1.7923
-1.7922
-1.79215
-1.79224
-1.79232
-1.79226
-1.79217
-1.79214
-1.79204
-1.79202
-1.79204
-1.79216
-1.79234
-1.79217
-1.79202
-1.79212
-1.79226
-1.79255
-1.79252
-1.79241
-1.79259
-1.7928
-1.79239
-1.7929
-1.79274
-1.79276
-1.79223
-1.79209
-1.79201
-1.79213
-1.79201
-1.79219
-1.79212
-1.79217
-1.79203
-1.79218
-1.79224
-1.79218
-1.79222
-1.79248
-1.7933
-1.79346
-1.79345
-1.79367
-1.79325
-1.79309
-1.7931
-1.79339
-1.79363
-1.79316
-1.79319
-1.7929
-1.79292
-1.79306
-1.79343
-1.79387
-1.79408
-1.79472
-1.7948
-1.79608
-1.79762
-1.79707
-1.7995
-1.80171
-1.80334
-1.80364
-1.79943
-1.79927
-1.79858
-1.80301
-1.79979
-1.80372
-1.80868
-1.81222
-1.81475
-1.80618
-1.80085
-1.79811
-1.79745
-1.80011
-1.80073
-1.80382
-1.80674
-1.8146
-1.81154
-1.80513
-1.8059
-1.80802
-1.80469
-1.80379
-1.80413
-1.79868
-1.80114
-1.80494
-1.80458
-1.79985
-1.80002
-1.80044
-1.80035
-1.80299
-1.81548
-1.81886
-1.83033
-1.81704
-1.80578
-1.80248
-1.81606
-1.80907
-1.80894
-1.8031
-1.8073
-1.81086
-1.82047
-1.83991
-1.83015
-1.83299
-1.83268
-1.83468
-1.83052
-1.82813
-1.82858
-1.81916
-1.81123
-1.81387
-1.81513
-1.82104
-1.82473
-1.8283
-1.85396
-1.86062
-1.96247
-1.94383
-1.99741
-2.05731
-2.03095
-2.08264
-2.0408
-1.99972
-2.00272
-2.01872
-1.9604
-2.04041
-2.12048
-2.15711
-2.04492
-2.07286
-2.03227
-2.05617
-1.91792
-1.90777
-1.90064
-1.88554
-1.9088
-1.86152
-1.87931
-1.88978
-1.91723
-1.97965
-2.01369
-1.97124
-2.00056
-1.96116
-2.02441
-2.00471
-2.03427
-2.06885
-2.09121
-2.05208
-2.05521
-2.11181
-2.14879
-2.25783
-2.25869
-2.12694
-2.20282
-2.26738
-2.15534
-2.08329
-2.12305
-2.11025
-2.03824
-2.03048
-2.00964
-2.12134
-2.0523
-2.04309
-2.0387
-2.04926
-2.07761
-2.10799
-2.02611
-2.01379
-1.91895
-1.90964
-1.92128
-1.89087
-1.90914
-1.88909
-1.93081
-1.95186
-1.97879
-2.03792
-2.1083
-2.05372
-2.09208
-2.17972
-2.12126
-2.11564
-2.15628
-2.15472
-2.07022
-2.13542
-2.23542
-2.21913
-2.27223
-2.22875
-2.48807
-2.55321
-2.68918
-2.85337
-2.79065
-2.71109
-2.72957
-2.84702
-2.59572
-2.67974
-2.81911
-3.03994
-2.88021
-3.12882
-2.76028
-2.75957
-2.89596
-2.89179
-2.97881
-2.86496
-2.78031
-2.57976
-2.78585
-2.65461
-2.77513
-2.52726
-2.34483
-2.23061
-2.31833
-2.42208
-2.40589
-2.3723
-2.56043
-2.24678
-2.23578
-2.35966
-2.40091
-2.60153
-2.43861
-2.36347
-2.2357
-2.1449
-2.12445
-2.13706
-2.29762
-2.35415
-2.35869
-2.36821
-2.35783
-2.44821
-2.71884
-2.85335
-2.60867
-2.37415
-2.4718
-2.49995
-2.47437
-2.41755
-2.23136
-2.28123
-2.12604
-2.11805
-2.20205
-2.31361
-2.35016
-2.60348
-2.53124
-2.47039
-2.59094
-2.53869
-2.49026
-2.36398
-2.53811
-2.35751
-2.38912
-2.28927
-2.27859
-2.17812
-2.20612
-2.1182
-2.25626
-2.33282
-2.1338
-2.18085
-2.2078
-2.05467
-2.09743
-2.09479
-2.05618
-1.95868
-2.01856
-2.03548
-1.9954
-1.9935
-2.06781
-2.17764
-2.1336
-2.07368
-2.14603
-2.0692
-1.99185
-2.08333
-2.04878
-1.97215
-1.99096
-1.99875
-2.02375
-2.00268
-1.95728
-1.96544
-2.08254
-2.22826
-2.16484
-2.08787
-2.11559
-2.13797
-2.10595
-2.09941
-2.02579
-2.04363
-1.98661
-1.94081
-1.88958
-1.87997
-1.88432
-1.8542
-1.84331
-1.85404
-1.8653
-1.87846
-1.86452
-1.83826
-1.8233
-1.84343
-1.85442
-1.85193
-1.83968
-1.87343
-1.93038
-1.9369
-1.91349
-1.88179
-1.87959
-1.89134
-1.92323
-1.93243
-1.90262
-1.87028
-1.85986
-1.86146
-1.85732
-1.86109
-1.85992
-1.84472
-1.84305
-1.83549
-1.86096
-1.87774
-1.93853
-1.89874
-1.86843
-1.86208
-1.84941
-1.83854
-1.83536
-1.83094
-1.82639
-1.83831
-1.83214
-1.84546
-1.8437
-1.83608
-1.81622
-1.84096
-1.85763
-1.86526
-1.86234
-1.88572
-1.87533
-1.89878
-1.896
-1.93577
-1.88202
-1.87011
-1.83237
-1.82429
-1.83274
-1.83215
-1.8408
-1.84059
-1.8509
-1.85587
-1.88911
-1.90851
-1.86989
-1.89927
-1.93765
-1.90957
-1.88497
-1.90609
-1.93905
-2.00074
-1.92978
-2.0173
-2.0574
-2.1825
-2.2166
-2.08566
-1.99738
-2.00386
-1.978
-2.05115
-2.10889
-2.09661
-2.13849
-2.12514
-2.0089
-1.98635
-1.9303
-1.94292
-1.93152
-1.95902
-1.95725
-1.96783
-1.92921
-1.9457
-1.96488
-1.99393
-1.98374
-1.98602
-1.98109
-1.93771
-1.93601
-2.02441
-2.11974
-2.12956
-2.20416
-2.32159
-2.1188
-1.99245
-2.08931
-2.14222
-2.15526
-2.11307
-2.01269
-2.1257
-2.06079
-2.14075
-2.13569
-2.1799
-2.40731
-2.35428
-2.42352
-2.43495
-2.31767
-2.29104
-2.26061
-2.19429
-2.16071
-2.03749
-2.14317
-2.16847
-2.2187
-2.22472
-2.22605
-2.23768
-2.2638
-2.15543
-2.28075
-2.14848
-2.19329
-2.35345
-2.26687
-2.22822
-2.32067
-2.55945
-2.39688
-2.24126
-2.24124
-2.23648
-2.32587
-2.39298
-2.32153
-2.19929
-2.24516
-2.20599
-2.26407
-2.03318
-1.99479
-1.975
-1.95632
-1.91621
-1.9613
-2.01104
-2.00638
-2.00242
-1.93573
-1.9038
-1.87424
-1.86395
-1.84624
-1.82319
-1.84149
-1.83095
-1.86452
-1.86762
-1.84637
-1.82439
-1.84263
-1.82802
-1.8262
-1.83592
-1.8229
-1.83061
-1.82225
-1.82092
-1.83619
-1.85122
-1.85359
-1.85493
-1.83213
-1.82751
-1.83277
-1.84096
-1.87136
-1.88101
-1.88634
-1.86873
-1.86017
-1.86668
-1.87316
-1.89974
-1.90406
-1.88727
-1.91733
-1.86177
-1.85034
-1.85541
-1.85221
-1.83403
-1.83796
-1.82051
-1.82402
-1.81996
-1.83999
-1.83282
-1.83032
-1.82845
-1.82646
-1.83061
-1.82852
-1.82328
-1.82446
-1.8149
-1.82614
-1.8223
-1.82421
-1.82147
-1.82888
-1.82721
-1.83097
-1.84931
-1.82709
-1.84097
-1.85532
-1.84621
-1.82396
-1.82363
-1.82457
-1.81925
-1.83573
-1.82469
-1.82075
-1.8047
-1.80472
-1.81331
-1.80962
-1.80513
-1.80191
-1.8074
-1.80939
-1.82242
-1.83089
-1.81243
-1.81724
-1.8108
-1.81002
-1.80433
-1.80382
-1.80515
-1.80191
-1.80066
-1.79823
-1.80081
-1.80218
-1.80161
