ip_mh_rejected = 0.000500025;

ip_mh_rejected = 0.000450023;

ip_mh_rejected = 0.000450023;

ip_mh_rejected = 0.000300015;

ip_mh_rejected = 0.000300015;

ip_mh_rejected = 0.000300015;

ip_mh_rejected = 0.000300015;

ip_mh_rejected = 0.00150008;

ip_mh_rejected = 0.000550028;

ip_mh_rejected = 0.00225011;

ip_mh_rejected = 0.000950048;

ip_mh_rejected = 0.0020001;

ip_mh_rejected = 0.00215011;

ip_mh_rejected = 0.0020001;

ip_mh_rejected = 0.00230012;

ip_mh_rejected = 0.00280014;

ip_mh_rejected = 0.00315016;

ip_mh_rejected = 0.00295015;

ip_mh_rejected = 0.00100005;

ip_mh_rejected = 0.00770039;

ip_mh_rejected = 0.00310016;

ip_mh_rejected = 0.00300015;

ip_mh_rejected = 0.00295015;

ip_mh_rejected = 0.00255013;

ip_mh_rejected = 0.00215011;

ip_mh_rejected = 0.00162001;

ip_mh_rejected = 0.000655003;

ip_mh_rejected = 0.00169501;

ip_mh_rejected = 0.00210011;

ip_mh_rejected = 0.00160001;

ip_mh_rejected = 0.001475;

