ip_logTarget_unified = zeros(1000,1);
ip_logTarget_unified = [7.77387
7.56014
7.38159
7.86959
8.68259
8.99077
8.77162
9.35273
8.8812
7.91425
8.31528
7.79713
7.56189
7.45849
7.96407
8.68812
8.41149
8.53667
9.19962
8.80333
8.92473
8.95207
8.24219
8.59331
7.7295
7.97224
8.43528
9.03837
9.76463
10.4399
10.6344
11.3174
12.2637
11.2809
10.9542
11.4212
11.8757
11.9373
12.2508
12.4189
12.2319
11.9363
11.8944
11.871
11.3997
11.2502
11.2961
10.9813
11.3236
11.9319
11.6359
10.8997
10.8728
11.3864
12.139
12.3988
12.7042
12.4093
12.6165
12.8965
13.4373
13.688
13.9092
13.4996
13.177
12.6856
12.6905
12.3615
12.4931
12.2592
12.2722
12.5584
12.8122
13.0651
12.9365
12.5437
13.0362
13.3042
13.6026
12.6087
12.7957
12.4165
12.6332
12.6426
12.9371
13.03
13.2848
13.5232
13.6451
13.6897
13.7822
13.8227
13.6755
13.7409
14.1678
13.8739
13.8822
13.9577
13.8715
13.5943
13.086
13.3984
13.6526
13.653
13.3473
13.7921
13.266
13.2667
13.3674
13.8105
13.9306
12.6805
13.0982
13.1673
13.4043
12.8481
12.4881
12.3793
12.1835
11.9785
12.3951
12.836
12.9442
13.2993
13.4653
13.6681
14.2086
14.287
14.2752
14.0638
14.505
13.4282
13.2666
13.2256
13.0822
13.2052
13.1178
12.961
12.4487
12.3744
12.7081
12.4467
12.3498
12.6086
12.5786
13.23
13.2493
13.4049
13.6805
13.5679
13.7499
12.7024
13.0473
12.4321
12.3555
12.5086
12.1343
11.4883
11.948
11.9451
12.2449
12.507
11.8166
11.9213
12.3469
12.2311
11.9527
12.2489
12.8064
12.287
11.7869
11.8505
11.7797
11.9413
11.8603
12.0695
11.8766
12.2857
12.399
12.9581
13.0859
12.8703
12.7707
12.7008
13.4449
13.3725
13.6737
13.6353
14.0855
13.5953
13.6289
13.8733
13.6274
13.74
14.0954
14.1889
13.972
13.6446
14.2264
14.6444
14.2918
14.7908
14.4589
14.2491
14.1344
14.1844
14.2725
14.3694
14.2947
14.9273
14.7082
14.7996
14.5239
14.72
14.2913
13.9331
13.5009
13.7341
14.1451
14.0482
13.7361
13.8268
14.0318
14.0581
13.9132
13.9248
14.1087
14.114
13.8069
13.3609
13.6621
13.398
13.3871
13.7381
13.5506
13.4314
13.4614
13.3507
13.0506
12.5922
13.3862
13.4547
12.9366
12.585
12.3848
12.8646
12.9601
12.8356
12.5914
13.1414
13.5485
13.7895
13.5996
13.9939
14.1437
13.8993
13.7346
13.8198
13.9089
13.594
13.5759
13.5591
13.4423
13.8529
14.009
13.8562
13.9856
14.2006
14.0781
14.2439
14.6434
14.2625
14.502
13.9234
14.3356
14.1422
14.2249
14.4276
14.3577
14.1663
14.6416
14.4752
14.3343
14.4738
13.7755
13.5471
13.7677
14.0977
14.4934
14.6492
14.6381
14.2638
14.7292
15.3115
15.5309
15.4189
15.285
15.7645
15.5664
15.5462
15.5213
15.9948
15.3868
14.7255
14.5038
14.5229
14.4965
14.432
14.6574
15.0266
14.8515
14.9075
14.855
15.0319
15.1794
15.6388
15.6394
16.0973
16.011
16.1493
16.212
16.0646
16.1032
16.1635
16.3657
16.0828
16.0835
16.0231
16.0465
16.1121
16.2088
16.3844
16.4077
16.5534
16.7281
16.7406
16.8596
16.8854
16.6579
16.847
17.0038
17
17.1248
17.0968
17.01
17.0972
17.0564
16.8971
17.1103
17.2326
17.1838
17.2718
17.4247
17.2452
17.29
17.3441
17.4938
17.4805
17.3516
17.4053
17.2669
17.3794
17.5892
17.552
17.3751
17.3166
17.0612
17.2314
17.3988
17.3741
17.3056
17.3823
17.4725
17.2325
17.3666
17.1656
17.2232
17.3382
17.3048
17.2806
17.2494
17.4162
17.6014
17.7454
17.7719
17.8894
17.9716
18.0486
18.1529
18.1143
18.2373
18.3031
18.2497
18.198
18.2069
18.3323
18.3838
18.4158
18.4192
18.4646
18.4892
18.3766
18.3849
18.3727
18.331
18.2042
18.2177
18.3211
18.2816
18.4036
18.4508
18.4781
18.5226
18.413
18.3442
18.2898
18.3208
18.2977
18.3206
18.255
18.3758
18.2829
18.2721
18.165
18.2158
18.1547
18.0574
18.1146
18.1641
18.2019
18.0982
18.3624
18.4462
18.4335
18.398
18.272
18.3688
18.3072
18.3311
18.347
18.2435
18.2621
18.1421
18.1683
18.3148
18.3643
18.3967
18.4308
18.4396
18.4757
18.4912
18.5458
18.5838
18.5131
18.4388
18.3839
18.5147
18.4863
18.5155
18.4432
18.3479
18.2774
18.2891
18.3423
18.1707
18.2699
18.2593
18.1453
17.9983
17.7805
17.8581
17.9878
17.8942
17.9458
17.9756
17.7906
17.6394
17.4075
17.2923
17.2972
17.0422
17.4314
17.3454
17.3143
17.3288
17.1843
17.1331
17.154
17.1683
17.2511
17.0463
16.8643
17.037
17.0364
17.1951
17.3646
17.3059
16.9358
16.8085
16.8095
16.7905
16.736
16.9667
17.1219
17.2157
16.9659
17.251
17.1136
17.289
17.38
17.2308
17.172
16.5954
16.6486
16.5554
16.8912
16.8703
17.0338
16.8727
16.8991
17.1209
17.2352
17.3451
17.1984
16.9691
17.1368
17.3008
17.0909
17.1608
17.341
17.3906
17.3801
17.6485
17.444
17.4869
17.4253
17.4959
17.5627
17.6205
17.7248
17.6828
17.5754
17.6086
17.7085
17.648
17.577
17.6619
17.63
17.687
17.7316
17.6071
17.6758
17.7136
17.5651
17.4178
17.4482
17.6246
17.6427
17.6609
17.6753
17.5809
17.6413
17.6111
17.5984
17.4777
17.493
17.3381
17.131
17.0078
17.0101
17.077
16.9719
16.8549
16.8195
16.9469
17.2302
17.2158
16.8921
16.6491
16.7938
16.6271
16.5875
16.9478
16.9832
17.0593
16.7148
16.5112
16.4472
16.7395
16.5575
16.6034
16.3198
16.0574
15.9328
15.841
15.9472
16.229
15.8654
15.7039
15.8355
15.4621
15.269
15.4833
15.6527
16.0361
16.2998
16.0457
16.4492
16.5194
16.5692
16.4705
16.452
16.1134
16.1942
15.8704
16.0267
16.0477
15.9043
15.6578
15.7059
16.194
16.4308
16.6346
16.7092
17.0084
17.2113
17.2866
17.4859
17.3295
17.2849
17.4551
17.6419
17.7966
17.8092
17.7517
17.6106
17.7146
17.7634
17.782
17.4951
17.5975
17.6346
17.5032
17.5055
17.6889
17.8263
17.8238
17.6401
17.4288
17.456
17.4445
17.5129
17.475
17.541
17.7758
17.6618
17.325
17.3172
17.4737
17.5341
17.3055
17.2692
17.2078
17.3387
17.3556
17.2406
17.1448
17.1604
17.247
17.2692
17.3041
17.3735
17.4685
17.556
17.6123
17.7176
17.6973
17.7574
17.6899
17.8233
17.6826
17.5507
17.4562
17.5994
17.5901
17.7663
17.6543
17.511
17.5502
17.7373
17.9894
18.0496
18.0243
17.8904
17.7216
17.8784
17.8353
17.87
17.9348
18.0801
18.1351
18.237
18.3632
18.3371
18.3319
18.3606
18.5192
18.5454
18.5095
18.422
18.4969
18.2899
18.3366
18.3381
18.3223
18.3484
18.389
18.407
18.3689
18.4311
18.5127
18.5095
18.5124
18.506
18.472
18.3715
18.3943
18.426
18.4121
18.4805
18.4608
18.3862
18.336
18.3471
18.4371
18.5386
18.5805
18.4865
18.4641
18.4705
18.3597
18.5432
18.5622
18.6617
18.6674
18.6467
18.7116
18.698
18.6873
18.6043
18.6551
18.6155
18.4815
18.6122
18.6566
18.7034
18.7086
18.6411
18.719
18.6457
18.6512
18.6772
18.6377
18.6637
18.7076
18.6857
18.6711
18.6726
18.7226
18.7503
18.6967
18.6362
18.6505
18.6988
18.7084
18.6826
18.7308
18.6956
18.6964
18.675
18.6781
18.5817
18.5655
18.4633
18.4867
18.4686
18.5055
18.5717
18.5067
18.5688
18.4849
18.3663
18.3667
18.1924
18.2477
18.2194
18.2352
18.3262
18.4246
18.4956
18.4095
18.3088
18.3878
18.3842
18.3168
18.3762
18.4152
18.5189
18.516
18.5305
18.6542
18.6646
18.6607
18.7096
18.6753
18.6839
18.7182
18.6852
18.8422
18.802
18.7808
18.7953
18.8018
18.7576
18.8428
18.839
18.8085
18.8297
18.7871
18.7142
18.7284
18.7911
18.7122
18.7031
18.618
18.6548
18.6479
18.6851
18.669
18.7037
18.6394
18.6413
18.6102
18.626
18.622
18.6268
18.6663
18.6654
18.6188
18.6901
18.6708
18.6628
18.6633
18.6948
18.7397
18.7076
18.7004
18.7137
18.7806
18.6969
18.6378
18.7185
18.6454
18.6799
18.7193
18.6867
18.5591
18.4859
18.6618
18.6305
18.5473
18.517
18.5432
18.6377
18.6712
18.7441
18.7137
18.6816
18.6383
18.601
18.578
18.5777
18.5941
18.5328
18.4989
18.3111
18.3796
18.3568
18.4157
18.4676
18.4615
18.425
18.4199
18.3123
18.2504
18.3746
18.5025
18.5194
18.5574
18.5435
18.612
18.6577
18.7253
18.7443
18.8212
18.7395
18.7029
18.748
18.7882
18.7239
18.6905
18.7482
18.7682
18.7154
18.7001
18.7497
18.7474
18.724
18.715
18.7403
18.7685
18.7852
18.8067
18.7481
18.7441
18.6797
18.5601
18.5121
18.3826
18.3691
18.3402
18.3734
18.3065
18.4363
18.4655
18.4504
18.4824
18.3964
18.4537
18.4473
18.473
18.5218
18.4517
18.4717
18.4973
18.517
18.4965
18.4873
18.447
18.4255
18.4261
18.3504
18.4338
18.4599
18.5872
18.5305
18.5054
18.4133
18.4289
18.4166
18.4162
18.2683
18.2467
18.2986
18.3465
18.365
18.4659
18.4016
18.4292
18.3842
18.5357
18.5737
18.5589
18.582
18.5642
18.61
18.5681
18.534
18.5567
18.4929
18.4685
18.3166
18.3542
18.4336
18.4968
18.5766
18.6374
18.7214
18.6873
18.7359
18.6508
18.6873
18.8043
18.8052
18.8421
18.8905
18.9824
19.0102
19.02
18.9747
];
