ip_mh_filtChain_unified = zeros(1000,1);
ip_mh_filtChain_unified = [4.6352303512301063e-01 
4.9561147785298743e-01 
4.9145912689515214e-01 
5.3350938276025606e-01 
6.0985061705362165e-01 
6.1577148979123564e-01 
6.2476273983749420e-01 
6.1499340634338040e-01 
5.6000673200250795e-01 
5.6729163381195324e-01 
5.0723229037090156e-01 
5.1377232821641183e-01 
5.5828977716986794e-01 
5.6831584609362695e-01 
5.7732785643439444e-01 
6.4403270652186806e-01 
6.3898204018518967e-01 
6.7840852286762565e-01 
6.6478957625070945e-01 
7.6768222343046133e-01 
8.6358999750402599e-01 
9.0623397990772947e-01 
1.0141227945950719e+00 
1.0633699785921606e+00 
1.1211974333444832e+00 
1.1138104409008032e+00 
1.1022164650028057e+00 
1.1175592254049984e+00 
1.1603436065075790e+00 
1.1479274319566106e+00 
1.0614168303640374e+00 
1.1276866875339560e+00 
1.0805774978411726e+00 
1.0681618219013875e+00 
1.0504022597103564e+00 
1.0563940780621399e+00 
1.0438227120744592e+00 
9.6781127838297232e-01 
1.0019770180994241e+00 
1.0273656202451882e+00 
1.0833437974854092e+00 
1.1617290818209143e+00 
1.1943770142497543e+00 
1.2219770699746568e+00 
1.3098152021931733e+00 
1.3156643478402581e+00 
1.3233190984983401e+00 
1.2321442925186974e+00 
1.1725440319946647e+00 
1.1689755747422625e+00 
1.2548723543730955e+00 
1.4762804019365452e+00 
1.4559966168643459e+00 
1.5283535354505156e+00 
1.4912972937950084e+00 
1.5967132297773030e+00 
1.6152414934916197e+00 
1.5743762943060460e+00 
1.5857450337210388e+00 
1.5122318651921336e+00 
1.5153666091759814e+00 
1.5374681195744486e+00 
1.5763626974267333e+00 
1.6101944691998877e+00 
1.6224857652329663e+00 
1.6514004358352183e+00 
1.6759758553365998e+00 
1.6575217708874515e+00 
1.8045219973468147e+00 
1.8214723739469867e+00 
1.7742386378136736e+00 
1.6981241116868218e+00 
1.7594411553538070e+00 
1.8693729125229486e+00 
1.8202652479672841e+00 
1.8664376788533472e+00 
2.0067693529390738e+00 
2.0197855523503816e+00 
2.0229540561938917e+00 
2.0376306095876369e+00 
1.9440715713751007e+00 
1.9848771260741709e+00 
1.9040953284809525e+00 
1.8069916336230010e+00 
1.7148619068722615e+00 
1.6487866938102473e+00 
1.6468267572708106e+00 
1.7022034411226135e+00 
1.6335440340315686e+00 
1.6510175995971212e+00 
1.7230299808426519e+00 
1.7211623995051868e+00 
1.8026445186679474e+00 
1.7080289207891695e+00 
1.8162754919903912e+00 
1.9327884633919246e+00 
1.9060452205544589e+00 
2.0752453176004511e+00 
2.0004038777719346e+00 
2.0788278927246422e+00 
2.1948043866596492e+00 
2.2630031039234679e+00 
2.2827318716111402e+00 
2.1213826892157464e+00 
2.0506024517586385e+00 
2.1176606894429106e+00 
2.0875853778427067e+00 
2.0922643952442015e+00 
2.0224483334745540e+00 
1.9883662722995665e+00 
1.8767801673235662e+00 
2.0751858211758334e+00 
1.8289135244231254e+00 
1.7339389403293251e+00 
1.8105133412388756e+00 
1.8128457317207540e+00 
1.9371433463147032e+00 
1.9616841748693772e+00 
2.0499776661445082e+00 
2.1072814250234404e+00 
2.0537591182861279e+00 
2.2280806173926968e+00 
2.3574142087620742e+00 
2.3002619950346119e+00 
2.3032275025893840e+00 
2.0902684337306181e+00 
2.1644273553075664e+00 
2.2935677976988651e+00 
2.1348044807778939e+00 
2.1337465233220430e+00 
2.1086952363399560e+00 
2.2814146002701907e+00 
2.2506119937587217e+00 
2.3418476316484353e+00 
2.4438904161439576e+00 
2.3735208704277109e+00 
2.2126316648751083e+00 
2.4193298021451572e+00 
2.3774608129286370e+00 
2.4727237828719799e+00 
2.5922436903585342e+00 
2.6512813940509528e+00 
2.7806216152068979e+00 
2.7310484455233408e+00 
2.7435117749570979e+00 
2.8129454173257908e+00 
2.6946879686752898e+00 
2.8444288799302377e+00 
2.6445729219677321e+00 
2.4727097554980548e+00 
2.6529390879706964e+00 
2.5674604051182932e+00 
2.6954004660305486e+00 
2.6118045600327990e+00 
2.7280962981933654e+00 
2.7000423643584615e+00 
2.6696073251197308e+00 
2.7052682681278091e+00 
2.7834967223019147e+00 
2.7942245680557649e+00 
2.7798775015524764e+00 
2.8022727182440277e+00 
2.7856698065129670e+00 
2.9839889000560760e+00 
2.9703585824841090e+00 
3.0300394807043549e+00 
3.1648958475383080e+00 
3.2718896956396066e+00 
3.2477488967374053e+00 
3.1253320505575339e+00 
3.2672192773834881e+00 
3.4062079145213451e+00 
3.4059687284099147e+00 
3.3903269480889415e+00 
3.3368767026332851e+00 
3.3151772830238015e+00 
3.3089149821294401e+00 
3.3367023176401207e+00 
3.2761248755633741e+00 
3.1987861857326259e+00 
3.2370140588620577e+00 
3.1513383277193219e+00 
3.1478494921374702e+00 
3.1700418614406076e+00 
3.2253237099516072e+00 
3.0895490466334889e+00 
3.1992460297401935e+00 
3.1625543256689719e+00 
3.0865777352424888e+00 
3.0912894349163018e+00 
3.2603966855875046e+00 
3.3038525610546627e+00 
3.3101466147050931e+00 
3.2704086943193174e+00 
3.3479117748294271e+00 
3.3796758707683670e+00 
3.3082842399681001e+00 
3.3534390643560341e+00 
3.4031821072215727e+00 
3.3192413586734810e+00 
3.3377868830819462e+00 
3.2378916583347208e+00 
3.2593435418860071e+00 
3.1120054768004120e+00 
3.3487867365153332e+00 
3.4289003160048543e+00 
3.2753694578604224e+00 
3.3934096261807332e+00 
3.3162825648091152e+00 
3.3827839758414395e+00 
3.2680762948507596e+00 
3.0639021243883393e+00 
3.3188243471933441e+00 
3.3476797421787312e+00 
3.3133258874489360e+00 
3.2611575836336009e+00 
3.5071209503396972e+00 
3.6563639780678971e+00 
3.6468026108754370e+00 
3.6530067006828069e+00 
3.5404148218048235e+00 
3.6128764480939561e+00 
3.6416523360823421e+00 
3.6955187043870250e+00 
3.6016297239462562e+00 
3.5978579133421378e+00 
3.6516561321020813e+00 
3.6315194180307131e+00 
3.5826978335898327e+00 
3.6067127292168202e+00 
3.7183055061211565e+00 
3.8242301595642214e+00 
3.7715696731207569e+00 
3.8294789747043310e+00 
3.8632733250711553e+00 
3.7628182583284993e+00 
3.8367361154081929e+00 
3.7884148417307371e+00 
3.7522464085753491e+00 
3.6460559435007927e+00 
3.7582539800675634e+00 
3.9275078013932010e+00 
3.6688523867366789e+00 
3.6992030377664928e+00 
3.8010559031760383e+00 
3.8316707749396235e+00 
4.0079250170815346e+00 
3.9190457500142175e+00 
3.9057844279242020e+00 
3.9211710525063199e+00 
3.9044571421986878e+00 
3.7287981045161143e+00 
3.6078471704750266e+00 
3.6319696020991916e+00 
3.5127443398089504e+00 
3.5867042241483116e+00 
3.4825907954036550e+00 
3.3903698749078224e+00 
3.5357532068546913e+00 
3.5231996058361297e+00 
3.5457139078045006e+00 
3.5690124787291482e+00 
3.6294457520342052e+00 
3.6843780228917757e+00 
3.6395421285559464e+00 
3.6934901720544282e+00 
3.6668452310517816e+00 
3.6354710786327380e+00 
3.6691722121176880e+00 
3.6502312836936430e+00 
3.5148518588810660e+00 
3.6347445114443171e+00 
3.6041726412779287e+00 
3.4707008516438118e+00 
3.5981985565105061e+00 
3.5318530522961096e+00 
3.7860762769077572e+00 
3.7992791207764367e+00 
3.8502251078370131e+00 
3.8046414765496750e+00 
3.7837572376208097e+00 
3.8512221768589971e+00 
3.8899660352351644e+00 
3.8223028079891228e+00 
3.7757245179455263e+00 
3.8095701138662914e+00 
3.8704434203767573e+00 
3.8948155654217711e+00 
3.9938254405195739e+00 
4.0110434030147566e+00 
3.9886555827760652e+00 
3.8828067340737515e+00 
3.7619576420151901e+00 
3.8757892752015199e+00 
4.0171133239388315e+00 
3.9161417146151285e+00 
3.8115447990131450e+00 
3.6648739675095983e+00 
3.6784436690503770e+00 
3.7253237715149834e+00 
3.6499935680074818e+00 
3.5766768484983995e+00 
3.7353370671174719e+00 
3.5472159591331334e+00 
3.5959660107816607e+00 
3.5887195560341292e+00 
3.8325141608503528e+00 
3.9370313074085135e+00 
4.0268393024488649e+00 
3.9071374675936075e+00 
4.0261987311231682e+00 
3.8571560309525386e+00 
3.9124702860908913e+00 
3.8743180323503084e+00 
3.9976858821176964e+00 
3.8654283753813048e+00 
3.8249713074168055e+00 
3.8630772141111485e+00 
3.8358292745501683e+00 
3.6958836404346611e+00 
3.4505907276810959e+00 
3.4187769436556534e+00 
3.4199579822746857e+00 
3.3806535890404934e+00 
3.4614498826823503e+00 
3.4979434928441084e+00 
3.4952527152626676e+00 
3.4318036943230603e+00 
3.3885657680199346e+00 
3.4824401999266357e+00 
