ip_mh_rejected = 0.000550028;

