ip_logLike_sub0 = zeros(1000,1);
ip_logLike_sub0 = [9.56563
9.3519
9.17335
9.66135
10.4743
10.7825
10.5634
11.1445
10.673
9.70601
10.107
9.58889
9.35365
9.25025
9.75583
10.4799
10.2033
10.3284
10.9914
10.5951
10.7165
10.7438
10.034
10.3851
9.52126
9.764
10.227
10.8301
11.5564
12.2316
12.4261
13.1092
14.0554
13.0726
12.746
13.2129
13.6674
13.729
14.0425
14.2107
14.0236
13.728
13.6862
13.6627
13.1915
13.042
13.0878
12.773
13.1154
13.7236
13.4277
12.6915
12.6645
13.1781
13.9308
14.1905
14.4959
14.2011
14.4082
14.6883
15.2291
15.4797
15.7009
15.2913
14.9687
14.4774
14.4823
14.1532
14.2849
14.0509
14.0639
14.3502
14.604
14.8569
14.7282
14.3355
14.828
15.096
15.3944
14.4005
14.5874
14.2083
14.4249
14.4344
14.7289
14.8218
15.0766
15.3149
15.4369
15.4815
15.5739
15.6145
15.4673
15.5327
15.9596
15.6657
15.6739
15.7494
15.6633
15.3861
14.8778
15.1902
15.4444
15.4447
15.1391
15.5839
15.0577
15.0585
15.1592
15.6022
15.7224
14.4723
14.8899
14.9591
15.1961
14.6399
14.2798
14.171
13.9753
13.7703
14.1869
14.6278
14.736
15.0911
15.257
15.4599
16.0004
16.0787
16.067
15.8556
16.2968
15.22
15.0584
15.0173
14.874
14.997
14.9096
14.7527
14.2405
14.1661
14.4998
14.2385
14.1416
14.4004
14.3704
15.0217
15.0411
15.1967
15.4722
15.3597
15.5417
14.4942
14.839
14.2239
14.1473
14.3003
13.9261
13.28
13.7397
13.7369
14.0367
14.2988
13.6083
13.713
14.1387
14.0228
13.7445
14.0407
14.5982
14.0788
13.5787
13.6422
13.5715
13.7331
13.652
13.8612
13.6683
14.0775
14.1908
14.7499
14.8776
14.6621
14.5624
14.4925
15.2367
15.1642
15.4655
15.427
15.8772
15.3871
15.4206
15.6651
15.4192
15.5317
15.8872
15.9807
15.7638
15.4363
16.0181
16.4362
16.0836
16.5825
16.2507
16.0409
15.9262
15.9762
16.0642
16.1612
16.0864
16.7191
16.4999
16.5914
16.3156
16.5117
16.083
15.7248
15.2927
15.5259
15.9369
15.84
15.5279
15.6186
15.8235
15.8498
15.7049
15.7166
15.9005
15.9058
15.5987
15.1527
15.4539
15.1897
15.1789
15.5298
15.3423
15.2232
15.2532
15.1425
14.8424
14.3839
15.178
15.2464
14.7284
14.3768
14.1766
14.6564
14.7518
14.6274
14.3831
14.9332
15.3402
15.5813
15.3913
15.7857
15.9355
15.691
15.5264
15.6115
15.7006
15.3857
15.3677
15.3508
15.234
15.6447
15.8008
15.648
15.7774
15.9924
15.8699
16.0356
16.4352
16.0542
16.2937
15.7152
16.1274
15.9339
16.0166
16.2194
16.1495
15.958
16.4334
16.2669
16.1261
16.2656
15.5672
15.3389
15.5595
15.8894
16.2852
16.4409
16.4299
16.0555
16.5209
17.1033
17.3227
17.2106
17.0768
17.5562
17.3582
17.338
17.313
17.7865
17.1785
16.5173
16.2956
16.3147
16.2883
16.2238
16.4491
16.8183
16.6433
16.6993
16.6467
16.8237
16.9712
17.4305
17.4312
17.8891
17.8027
17.941
18.0038
17.8564
17.8949
17.9553
18.1575
17.8746
17.8752
17.8148
17.8383
17.9038
18.0006
18.1762
18.1995
18.3452
18.5199
18.5324
18.6514
18.6771
18.4496
18.6387
18.7955
18.7917
18.9166
18.8885
18.8018
18.889
18.8482
18.6888
18.902
19.0243
18.9756
19.0636
19.2165
19.037
19.0817
19.1359
19.2856
19.2722
19.1434
19.1971
19.0587
19.1711
19.3809
19.3438
19.1669
19.1084
18.8529
19.0231
19.1906
19.1659
19.0974
19.1741
19.2643
19.0242
19.1584
18.9573
19.0149
19.13
19.0965
19.0724
19.0412
19.208
19.3932
19.5371
19.5636
19.6812
19.7634
19.8404
19.9447
19.9061
20.0291
20.0949
20.0414
19.9897
19.9987
20.1241
20.1756
20.2076
20.211
20.2564
20.281
20.1683
20.1767
20.1645
20.1228
19.996
20.0094
20.1129
20.0733
20.1954
20.2425
20.2699
20.3144
20.2047
20.136
20.0816
20.1125
20.0895
20.1123
20.0468
20.1676
20.0747
20.0639
19.9568
20.0075
19.9464
19.8492
19.9063
19.9559
19.9937
19.89
20.1542
20.238
20.2252
20.1898
20.0637
20.1606
20.0989
20.1229
20.1388
20.0353
20.0539
19.9339
19.9601
20.1066
20.156
20.1884
20.2226
20.2313
20.2674
20.2829
20.3375
20.3756
20.3049
20.2305
20.1757
20.3065
20.278
20.3072
20.235
20.1397
20.0692
20.0809
20.134
19.9625
20.0617
20.0511
19.9371
19.79
19.5723
19.6498
19.7795
19.6859
19.7376
19.7674
19.5824
19.4311
19.1992
19.0841
19.089
18.834
19.2231
19.1371
19.106
19.1206
18.9761
18.9249
18.9458
18.9601
19.0429
18.8381
18.6561
18.8288
18.8282
18.9868
19.1563
19.0977
18.7276
18.6003
18.6013
18.5823
18.5277
18.7585
18.9136
19.0075
18.7577
19.0428
18.9053
19.0807
19.1718
19.0226
18.9637
18.3871
18.4403
18.3472
18.6829
18.6621
18.8255
18.6645
18.6909
18.9127
19.027
19.1369
18.9902
18.7608
18.9286
19.0926
18.8826
18.9526
19.1328
19.1824
19.1718
19.4402
19.2358
19.2786
19.2171
19.2877
19.3544
19.4122
19.5166
19.4746
19.3671
19.4003
19.5002
19.4398
19.3688
19.4537
19.4218
19.4787
19.5233
19.3989
19.4675
19.5053
19.3569
19.2095
19.24
19.4163
19.4344
19.4526
19.4671
19.3727
19.433
19.4028
19.3901
19.2695
19.2848
19.1299
18.9228
18.7996
18.8019
18.8688
18.7637
18.6467
18.6113
18.7387
19.022
19.0075
18.6838
18.4408
18.5856
18.4189
18.3793
18.7396
18.775
18.851
18.5066
18.303
18.239
18.5313
18.3493
18.3952
18.1116
17.8492
17.7245
17.6327
17.739
18.0207
17.6572
17.4956
17.6273
17.2539
17.0607
17.2751
17.4444
17.8279
18.0915
17.8375
18.2409
18.3111
18.361
18.2622
18.2437
17.9051
17.9859
17.6622
17.8184
17.8395
17.6961
17.4495
17.4977
17.9858
18.2226
18.4263
18.501
18.8002
19.0031
19.0784
19.2776
19.1213
19.0766
19.2469
19.4337
19.5884
19.601
19.5435
19.4024
19.5063
19.5551
19.5737
19.2868
19.3892
19.4264
19.295
19.2972
19.4806
19.6181
19.6155
19.4319
19.2205
19.2478
19.2362
19.3047
19.2667
19.3327
19.5675
19.4535
19.1167
19.1089
19.2655
19.3258
19.0973
19.0609
18.9995
19.1305
19.1474
19.0324
18.9366
18.9521
19.0387
19.061
19.0958
19.1652
19.2602
19.3478
19.4041
19.5093
19.4891
19.5491
19.4817
19.6151
19.4744
19.3425
19.248
19.3912
19.3818
19.5581
19.446
19.3028
19.342
19.5291
19.7811
19.8413
19.8161
19.6822
19.5134
19.6702
19.627
19.6618
19.7265
19.8718
19.9269
20.0288
20.1549
20.1289
20.1236
20.1523
20.311
20.3372
20.3013
20.2137
20.2887
20.0817
20.1283
20.1299
20.1141
20.1402
20.1807
20.1987
20.1606
20.2229
20.3045
20.3013
20.3042
20.2978
20.2638
20.1632
20.1861
20.2177
20.2038
20.2723
20.2526
20.178
20.1278
20.1388
20.2289
20.3303
20.3723
20.2783
20.2558
20.2622
20.1514
20.335
20.3539
20.4535
20.4592
20.4385
20.5033
20.4897
20.479
20.396
20.4469
20.4073
20.2732
20.4039
20.4484
20.4951
20.5004
20.4329
20.5108
20.4374
20.4429
20.4689
20.4295
20.4555
20.4993
20.4774
20.4628
20.4644
20.5143
20.542
20.4885
20.428
20.4422
20.4906
20.5002
20.4743
20.5225
20.4874
20.4882
20.4667
20.4698
20.3734
20.3572
20.2551
20.2785
20.2604
20.2972
20.3634
20.2985
20.3606
20.2766
20.1581
20.1585
19.9841
20.0395
20.0111
20.0269
20.118
20.2163
20.2874
20.2012
20.1006
20.1796
20.1759
20.1085
20.168
20.207
20.3107
20.3078
20.3222
20.446
20.4564
20.4524
20.5014
20.4671
20.4756
20.5099
20.477
20.634
20.5937
20.5725
20.587
20.5935
20.5494
20.6346
20.6308
20.6002
20.6215
20.5789
20.506
20.5201
20.5829
20.5039
20.4948
20.4098
20.4465
20.4397
20.4769
20.4607
20.4954
20.4312
20.433
20.4019
20.4177
20.4137
20.4185
20.4581
20.4572
20.4105
20.4818
20.4625
20.4546
20.4551
20.4866
20.5315
20.4993
20.4921
20.5055
20.5723
20.4887
20.4296
20.5103
20.4372
20.4717
20.5111
20.4784
20.3509
20.2777
20.4536
20.4223
20.3391
20.3087
20.3349
20.4295
20.4629
20.5359
20.5054
20.4734
20.4301
20.3928
20.3698
20.3694
20.3859
20.3246
20.2907
20.1029
20.1714
20.1486
20.2074
20.2594
20.2532
20.2167
20.2117
20.1041
20.0422
20.1664
20.2943
20.3112
20.3491
20.3352
20.4038
20.4494
20.5171
20.536
20.613
20.5313
20.4946
20.5398
20.58
20.5156
20.4823
20.5399
20.5599
20.5072
20.4918
20.5414
20.5392
20.5158
20.5067
20.5321
20.5602
20.5769
20.5985
20.5399
20.5359
20.4714
20.3518
20.3039
20.1743
20.1609
20.1319
20.1652
20.0983
20.2281
20.2572
20.2422
20.2742
20.1882
20.2455
20.239
20.2648
20.3136
20.2435
20.2634
20.2891
20.3087
20.2883
20.2791
20.2388
20.2173
20.2178
20.1422
20.2256
20.2516
20.379
20.3223
20.2972
20.2051
20.2207
20.2084
20.2079
20.06
20.0384
20.0904
20.1382
20.1567
20.2577
20.1934
20.2209
20.176
20.3274
20.3655
20.3506
20.3737
20.356
20.4018
20.3598
20.3258
20.3484
20.2847
20.2602
20.1084
20.1459
20.2254
20.2886
20.3683
20.4292
20.5131
20.4791
20.5276
20.4426
20.4791
20.5961
20.5969
20.6338
20.6823
20.7741
20.8019
20.8117
20.7665
];
