ip_logTarget_unified = zeros(1000,1);
ip_logTarget_unified = [8.01265
7.79357
7.61056
8.11076
8.9441
9.25999
9.03536
9.39061
8.98635
8.02423
8.37935
7.8528
7.62467
7.5735
8.16201
8.89343
8.63412
8.86801
9.39596
8.968
9.10786
9.0741
8.44971
8.69771
7.78306
8.14632
8.75657
9.06131
10.0728
10.4213
10.8896
11.6374
12.3365
11.5542
11.2986
11.9215
12.0558
12.2992
12.8574
12.9833
12.4587
12.231
12.2067
12.368
11.8541
11.4867
11.7012
11.3529
11.5446
12.4192
11.8066
11.1011
11.2894
12.0145
12.7217
13.1005
13.1425
12.754
12.8945
13.5999
13.803
13.9984
14.122
13.8343
13.4305
12.9044
12.9889
12.7678
12.8792
12.6078
12.7395
12.9001
13.2636
13.629
13.1847
13.0754
13.3209
13.8351
13.9478
13.158
13.0974
12.8248
13.0806
12.9147
13.3392
13.4624
13.5701
14.1441
14.0883
14.0992
14.2659
14.2337
14.1527
14.2245
14.6051
14.262
14.1261
14.2987
14.3721
13.9178
13.6439
13.8182
13.9933
14.076
13.6991
14.1701
13.8081
13.7167
13.7261
14.1156
14.234
13.0683
13.5197
13.5534
13.5858
13.2034
12.9055
12.8373
12.559
12.4962
12.9661
13.3329
13.412
13.7623
14.0191
14.5209
14.6961
15.0904
14.9423
14.7949
15.0019
14.133
13.7841
13.6321
13.7683
13.804
13.5926
13.5695
13.1686
13.0068
13.2259
12.9152
12.8155
13.2646
13.2212
13.8444
13.8862
14.1557
14.2659
14.0313
14.2184
13.5091
13.775
12.9514
12.9044
13.0551
12.6537
12.2878
12.5819
12.4841
13.0213
12.817
12.467
12.5194
12.9793
12.9773
12.5941
13.0177
13.4787
12.7954
12.383
12.3936
12.5048
12.5319
12.8117
12.7254
12.6871
13.044
13.2285
13.7475
13.8229
13.7325
13.2401
13.3281
13.9656
13.9072
14.371
14.4013
14.7677
14.3511
14.1656
14.2119
14.1249
14.3676
14.9011
14.5697
14.5217
14.3148
14.8389
15.3654
14.9871
15.555
15.0869
14.7441
14.9278
14.8201
15.0635
15.2113
15.0773
15.6503
15.2467
15.2824
15.1817
15.4184
14.7224
14.2137
14.056
14.4284
14.8093
14.5804
14.4866
14.4068
14.5299
14.5148
14.4235
14.6798
14.7111
14.74
14.4053
14.064
14.3045
13.8681
14.0206
13.9577
14.1043
13.9816
14.2092
13.9718
13.4262
13.1943
13.9781
13.9757
13.6535
13.0374
13.1811
13.4269
13.4258
13.4921
13.5146
14.0924
14.0569
14.4581
14.2126
14.5552
14.8417
14.4524
14.5073
14.4914
14.4656
14.4452
14.226
14.1139
14.0276
14.5628
14.6712
14.5234
14.371
14.9216
14.6877
14.8661
15.2714
14.9123
14.9797
14.8196
14.8887
14.8421
14.9321
14.9343
14.9996
14.8661
15.2121
15.0693
14.9889
14.9333
14.4622
14.4652
14.4484
14.7479
15.2897
15.3699
15.1542
15.0506
15.4283
15.949
16.1355
15.9639
16.0223
16.3069
16.105
16.3045
16.233
16.4732
15.9328
15.3025
14.997
15.0322
15.0617
15.2639
15.1137
15.4744
15.2011
15.5942
15.5894
15.6551
15.8782
16.4114
16.3988
16.7343
16.6686
16.7725
16.8068
16.7006
16.6235
16.7711
16.865
16.6772
16.7227
16.5338
16.6047
16.5303
16.7328
16.9104
17.0062
17.0845
17.1826
17.3346
17.4794
17.4431
17.1477
17.4296
17.54
17.5178
17.6161
17.6897
17.5398
17.6071
17.538
17.4879
17.712
17.8144
17.6913
17.792
17.9312
17.7899
17.8792
17.9075
18.0933
17.9547
17.7979
17.9377
17.7928
18.0142
18.1744
18.0109
17.8323
17.8866
17.6797
17.7485
17.9114
17.8607
17.8596
17.9486
18.0639
17.7621
17.8856
17.7096
17.7826
17.7902
17.8564
17.7929
17.8474
17.9292
18.1698
18.2699
18.322
18.4149
18.5133
18.6221
18.6928
18.6508
18.7572
18.8835
18.8232
18.7223
18.7627
18.8669
18.9058
18.965
18.9723
19.0181
19.0916
19.1374
19.1608
19.1807
19.2783
19.2961
19.4419
19.4245
19.4694
19.516
19.5188
19.5461
19.535
19.4955
19.4895
19.5073
19.4851
19.5445
19.5729
19.5733
19.5446
19.5571
19.5324
19.5528
19.5129
19.4907
19.4756
19.4474
19.4843
19.436
19.4698
19.453
19.4878
19.5431
19.5649
19.5678
19.5465
19.5283
19.5633
19.574
19.5684
19.6026
19.6029
19.5895
19.5978
19.5989
19.6405
19.6473
19.6661
19.6838
19.7185
19.7026
19.726
19.6923
19.6806
19.6889
19.6689
19.6944
19.6592
19.6993
19.6576
19.6744
19.6625
19.6482
19.6563
19.6883
19.667
19.6622
19.5939
19.5955
19.599
19.5786
19.5736
19.5434
19.5887
19.5848
19.6211
19.6402
19.6819
19.6544
19.6958
19.7337
19.7009
19.7158
19.7031
19.7178
19.6904
19.7137
19.7438
19.725
19.6944
19.7265
19.7264
19.7405
19.7765
19.8058
19.8058
19.7918
19.7851
19.7993
19.8051
19.7923
19.7918
19.8007
19.8168
19.8101
19.8251
19.7938
19.7852
19.8153
19.798
19.8153
19.8049
19.7932
19.7753
19.8021
19.7785
19.7941
19.7677
19.749
19.7318
19.7378
19.7642
19.7554
19.7521
19.7513
19.7446
19.718
19.7281
19.7365
19.7645
19.7623
19.7593
19.7344
19.7206
19.6864
19.7026
19.7308
19.7375
19.7439
19.743
19.7661
19.7729
19.801
19.8076
19.8122
19.7755
19.7873
19.7846
19.7637
19.7782
19.7708
19.7594
19.7462
19.7385
19.7287
19.7587
19.7771
19.7985
19.8012
19.7997
19.7991
19.807
19.8083
19.7942
19.8043
19.8069
19.7924
19.8088
19.7906
19.7929
19.7811
19.7823
19.77
19.7888
19.7979
19.7726
19.7752
19.7835
19.7664
19.773
19.7657
19.7571
19.7185
19.7434
19.7521
19.7383
19.7294
19.7551
19.7765
19.7711
19.7634
19.7864
19.7672
19.7328
19.7689
19.7476
19.7318
19.7306
19.7278
19.7414
19.7494
19.702
19.7073
19.7447
19.7821
19.783
19.7667
19.7759
19.7652
19.7624
19.7569
19.7366
19.7469
19.7419
19.7109
19.6763
19.6596
19.6535
19.6372
19.6243
19.5944
19.6656
19.6372
19.6295
19.5861
19.5596
19.5961
19.65
19.6112
19.5936
19.6377
19.6757
19.6819
19.6734
19.6635
19.655
19.6812
19.6709
19.6904
19.687
19.6573
19.6498
19.6269
19.613
19.6213
19.6277
19.6343
19.5954
19.5924
19.6213
19.6561
19.6829
19.6905
19.6614
19.6446
19.6244
19.6231
19.5918
19.5817
19.5469
19.5692
19.6032
19.593
19.6302
19.5847
19.5531
19.603
19.6284
19.6481
19.6325
19.6366
19.6479
19.6759
19.6791
19.6944
19.6848
19.6307
19.5945
19.5735
19.5627
19.5925
19.6012
19.6036
19.6272
19.6262
19.653
19.6833
19.6527
19.6696
19.6838
19.6705
19.6675
19.6685
19.6888
19.7179
19.6971
19.7203
19.7517
19.7682
19.7802
19.7666
19.7267
19.7382
19.7298
19.7435
19.7425
19.7665
19.7714
19.7748
19.7605
19.7321
19.7087
19.703
19.713
19.7289
19.7124
19.725
19.7235
19.7064
19.7286
19.7238
19.7288
19.7345
19.7427
19.7187
19.6999
19.7422
19.7716
19.7703
19.7802
19.7947
19.7782
19.7601
19.7634
19.7693
19.7839
19.7956
19.7488
19.7623
19.7519
19.751
19.7759
19.7811
19.8084
19.81
19.8043
19.8221
19.8183
19.8154
19.7926
19.8066
19.7957
19.7555
19.7822
19.795
19.8085
19.81
19.7905
19.813
19.7919
19.7934
19.8009
19.7896
19.7971
19.8097
19.8034
19.7992
19.7996
19.8271
19.825
19.8137
19.7968
19.7997
19.8104
19.8137
19.7981
19.8229
19.8122
19.8042
19.803
19.7973
19.7761
19.7708
19.7413
19.7323
19.7392
19.7648
19.7743
19.7334
19.7434
19.723
19.7223
19.6686
19.6626
19.644
19.6288
19.6293
19.639
19.6772
19.6804
19.613
19.6022
19.6389
19.6311
19.613
19.6222
19.6016
19.6058
19.6204
19.6123
19.6494
19.6563
19.6695
19.6742
19.6414
19.6212
19.6431
19.6259
19.7065
19.6899
19.683
19.6852
19.6872
19.6695
19.71
19.7051
19.7003
19.6883
19.7058
19.6558
19.6604
19.6771
19.6433
19.6387
19.6274
19.6026
19.6039
19.5962
19.6601
19.6366
19.644
19.6283
19.6122
19.6219
19.6279
19.6099
19.6091
19.6034
19.5832
19.6136
19.6174
19.6106
19.6039
19.6282
19.638
19.64
19.6209
19.6257
19.656
19.6245
19.5929
19.6306
19.5995
19.6213
19.6269
19.6113
19.5527
19.4863
19.5605
19.554
19.5136
19.5078
19.487
19.5556
19.5787
19.6204
19.6158
19.5883
19.584
19.5237
19.5124
19.5119
19.5165
19.5113
19.4913
19.4275
19.419
19.3857
19.4466
19.4229
19.4488
19.4578
19.536
19.5603
19.6108
19.6324
19.6665
19.6507
19.6509
19.6404
19.6782
19.7079
19.7009
19.7375
19.7633
19.7377
19.7222
19.7422
19.7437
19.7238
19.7199
19.7172
19.7354
19.7085
19.696
19.726
19.728
19.7148
19.714
19.7161
19.7243
19.7418
19.747
19.7257
19.7238
19.6964
19.6381
19.6293
19.5788
19.5914
19.5826
19.5906
19.6042
19.634
19.5827
19.5867
19.5951
19.5915
19.5998
19.6069
19.6121
19.6111
19.6056
19.5466
19.5466
19.5441
19.5779
19.5246
19.5536
19.5178
19.4842
19.4708
19.4562
19.4643
19.5351
19.5045
19.4779
19.4677
19.4881
19.4843
19.4444
19.4402
19.4657
19.4578
19.4488
19.4066
19.4574
19.4964
19.4023
19.4177
19.4013
19.3839
19.4913
19.4357
19.4549
19.4565
19.4723
19.4433
19.4258
19.4043
19.3572
19.4056
19.4085
19.4751
19.4449
19.44
19.4534
19.4964
19.539
19.5664
19.4907
19.473
19.5666
19.5653
19.6115
19.6326
19.6663
19.6981
19.7321
];
ip_logTarget_unified = zeros(1000,1);
