ip_logLike_sub0 = zeros(1000,1);
ip_logLike_sub0 = [9.80441
9.58533
9.40232
9.90252
10.7359
11.0518
10.8271
11.1824
10.7781
9.81599
10.1711
9.64456
9.41643
9.36526
9.95377
10.6852
10.4259
10.6598
11.1877
10.7598
10.8996
10.8659
10.2415
10.4895
9.57482
9.93808
10.5483
10.8531
11.8645
12.2131
12.6814
13.4291
14.1282
13.3459
13.0904
13.7132
13.8476
14.0909
14.6491
14.7751
14.2505
14.0227
13.9984
14.1597
13.6458
13.2785
13.493
13.1446
13.3363
14.211
13.5984
12.8928
13.0811
13.8063
14.5134
14.8923
14.9343
14.5457
14.6862
15.3916
15.5948
15.7902
15.9138
15.6261
15.2223
14.6962
14.7807
14.5595
14.671
14.3995
14.5312
14.6919
15.0554
15.4207
14.9765
14.8671
15.1126
15.6269
15.7396
14.9498
14.8892
14.6166
14.8724
14.7065
15.131
15.2541
15.3619
15.9358
15.88
15.891
16.0577
16.0255
15.9444
16.0163
16.3969
16.0537
15.9178
16.0904
16.1638
15.7095
15.4357
15.61
15.7851
15.8677
15.4909
15.9618
15.5998
15.5085
15.5178
15.9074
16.0257
14.86
15.3114
15.3451
15.3775
14.9952
14.6973
14.629
14.3508
14.2879
14.7579
15.1247
15.2038
15.5541
15.8109
16.3126
16.4878
16.8821
16.7341
16.5867
16.7937
15.9248
15.5759
15.4239
15.5601
15.5958
15.3843
15.3613
14.9604
14.7986
15.0177
14.707
14.6072
15.0564
15.0129
15.6362
15.678
15.9475
16.0577
15.8231
16.0102
15.3009
15.5667
14.7431
14.6962
14.8469
14.4455
14.0795
14.3737
14.2758
14.8131
14.6088
14.2588
14.3111
14.771
14.7691
14.3858
14.8094
15.2704
14.5871
14.1747
14.1854
14.2966
14.3237
14.6034
14.5172
14.4789
14.8358
15.0203
15.5393
15.6146
15.5243
15.0318
15.1199
15.7574
15.6989
16.1628
16.193
16.5595
16.1428
15.9573
16.0036
15.9166
16.1594
16.6929
16.3615
16.3135
16.1066
16.6306
17.1572
16.7788
17.3467
16.8786
16.5359
16.7195
16.6119
16.8552
17.003
16.869
17.4421
17.0384
17.0741
16.9734
17.2102
16.5141
16.0055
15.8477
16.2202
16.6011
16.3721
16.2783
16.1986
16.3217
16.3066
16.2153
16.4715
16.5029
16.5318
16.1971
15.8558
16.0963
15.6599
15.8124
15.7495
15.8961
15.7733
16.001
15.7636
15.218
14.986
15.7698
15.7674
15.4453
14.8291
14.9729
15.2187
15.2175
15.2839
15.3064
15.8842
15.8487
16.2499
16.0044
16.3469
16.6334
16.2442
16.299
16.2832
16.2574
16.237
16.0177
15.9057
15.8194
16.3546
16.4629
16.3152
16.1627
16.7133
16.4795
16.6579
17.0632
16.7041
16.7715
16.6114
16.6804
16.6339
16.7238
16.7261
16.7913
16.6578
17.0038
16.8611
16.7807
16.7251
16.2539
16.257
16.2402
16.5397
17.0815
17.1617
16.946
16.8424
17.22
17.7407
17.9273
17.7557
17.8141
18.0986
17.8968
18.0963
18.0248
18.265
17.7246
17.0942
16.7888
16.824
16.8535
17.0557
16.9055
17.2661
16.9928
17.386
17.3811
17.4468
17.6699
18.2032
18.1905
18.5261
18.4603
18.5642
18.5986
18.4924
18.4153
18.5629
18.6567
18.469
18.5144
18.3256
18.3964
18.3221
18.5245
18.7021
18.798
18.8762
18.9744
19.1264
19.2711
19.2349
18.9394
19.2214
19.3317
19.3096
19.4079
19.4815
19.3316
19.3989
19.3298
19.2797
19.5038
19.6062
19.483
19.5838
19.7229
19.5816
19.671
19.6993
19.8851
19.7464
19.5897
19.7295
19.5846
19.8059
19.9662
19.8026
19.6241
19.6783
19.4715
19.5402
19.7032
19.6525
19.6514
19.7403
19.8557
19.5539
19.6774
19.5014
19.5743
19.5819
19.6482
19.5847
19.6392
19.721
19.9616
20.0616
20.1137
20.2067
20.3051
20.4139
20.4846
20.4425
20.549
20.6753
20.615
20.5141
20.5544
20.6586
20.6975
20.7568
20.764
20.8099
20.8834
20.9292
20.9526
20.9725
21.0701
21.0878
21.2337
21.2162
21.2611
21.3078
21.3106
21.3379
21.3268
21.2873
21.2813
21.299
21.2768
21.3362
21.3647
21.3651
21.3364
21.3489
21.3241
21.3446
21.3047
21.2825
21.2674
21.2391
21.2761
21.2277
21.2615
21.2448
21.2795
21.3348
21.3567
21.3595
21.3383
21.3201
21.355
21.3658
21.3602
21.3944
21.3946
21.3812
21.3896
21.3906
21.4323
21.439
21.4578
21.4756
21.5103
21.4944
21.5178
21.4841
21.4723
21.4806
21.4607
21.4861
21.451
21.491
21.4494
21.4661
21.4542
21.44
21.4481
21.4801
21.4588
21.4539
21.3856
21.3872
21.3908
21.3703
21.3654
21.3351
21.3805
21.3765
21.4129
21.432
21.4736
21.4462
21.4876
21.5254
21.4927
21.5076
21.4949
21.5096
21.4822
21.5054
21.5355
21.5168
21.4861
21.5183
21.5181
21.5323
21.5683
21.5975
21.5975
21.5835
21.5769
21.5911
21.5968
21.584
21.5836
21.5924
21.6086
21.6019
21.6169
21.5856
21.577
21.607
21.5897
21.607
21.5966
21.585
21.5671
21.5938
21.5702
21.5858
21.5595
21.5407
21.5236
21.5296
21.556
21.5471
21.5439
21.5431
21.5363
21.5098
21.5199
21.5283
21.5563
21.5541
21.5511
21.5262
21.5124
21.4782
21.4944
21.5225
21.5293
21.5357
21.5348
21.5578
21.5647
21.5928
21.5993
21.604
21.5672
21.5791
21.5764
21.5555
21.5699
21.5626
21.5512
21.538
21.5303
21.5204
21.5504
21.5688
21.5903
21.593
21.5914
21.5908
21.5988
21.6
21.586
21.5961
21.5986
21.5842
21.6005
21.5823
21.5847
21.5728
21.5741
21.5618
21.5806
21.5896
21.5643
21.5669
21.5753
21.5582
21.5647
21.5574
21.5489
21.5103
21.5351
21.5439
21.5301
21.5211
21.5468
21.5683
21.5628
21.5551
21.5782
21.559
21.5246
21.5606
21.5394
21.5235
21.5224
21.5195
21.5332
21.5412
21.4938
21.4991
21.5365
21.5739
21.5747
21.5584
21.5677
21.557
21.5541
21.5487
21.5283
21.5387
21.5337
21.5026
21.4681
21.4513
21.4453
21.429
21.4161
21.3862
21.4573
21.4289
21.4213
21.3779
21.3513
21.3879
21.4418
21.403
21.3854
21.4295
21.4675
21.4736
21.4652
21.4553
21.4468
21.4729
21.4626
21.4822
21.4788
21.4491
21.4416
21.4186
21.4047
21.413
21.4194
21.426
21.3872
21.3841
21.4131
21.4479
21.4746
21.4823
21.4531
21.4364
21.4162
21.4149
21.3835
21.3734
21.3387
21.3609
21.395
21.3848
21.422
21.3765
21.3449
21.3948
21.4201
21.4399
21.4243
21.4283
21.4397
21.4676
21.4708
21.4862
21.4766
21.4225
21.3862
21.3653
21.3544
21.3842
21.3929
21.3954
21.4189
21.418
21.4448
21.475
21.4445
21.4613
21.4756
21.4623
21.4593
21.4603
21.4805
21.5097
21.4889
21.512
21.5435
21.56
21.5719
21.5584
21.5185
21.53
21.5215
21.5353
21.5343
21.5583
21.5631
21.5665
21.5522
21.5238
21.5005
21.4947
21.5047
21.5207
21.5041
21.5168
21.5152
21.4981
21.5203
21.5156
21.5205
21.5262
21.5345
21.5105
21.4916
21.5339
21.5634
21.562
21.572
21.5865
21.57
21.5519
21.5551
21.561
21.5756
21.5874
21.5406
21.5541
21.5437
21.5428
21.5676
21.5728
21.6002
21.6017
21.5961
21.6138
21.6101
21.6072
21.5844
21.5984
21.5875
21.5472
21.5739
21.5868
21.6002
21.6018
21.5823
21.6047
21.5836
21.5852
21.5927
21.5813
21.5888
21.6015
21.5951
21.5909
21.5914
21.6188
21.6167
21.6055
21.5885
21.5914
21.6021
21.6055
21.5899
21.6147
21.604
21.596
21.5948
21.589
21.5678
21.5626
21.533
21.5241
21.531
21.5566
21.5661
21.5251
21.5352
21.5148
21.514
21.4604
21.4544
21.4358
21.4205
21.421
21.4308
21.4689
21.4721
21.4048
21.394
21.4306
21.4229
21.4048
21.414
21.3934
21.3976
21.4122
21.4041
21.4412
21.448
21.4613
21.466
21.4332
21.413
21.4349
21.4176
21.4982
21.4817
21.4747
21.477
21.4789
21.4613
21.5018
21.4969
21.492
21.4801
21.4976
21.4475
21.4522
21.4689
21.435
21.4305
21.4192
21.3944
21.3957
21.388
21.4518
21.4283
21.4357
21.42
21.404
21.4136
21.4197
21.4016
21.4009
21.3952
21.3749
21.4053
21.4092
21.4024
21.3957
21.42
21.4297
21.4318
21.4127
21.4175
21.4478
21.4162
21.3847
21.4223
21.3913
21.4131
21.4186
21.4031
21.3445
21.2781
21.3523
21.3457
21.3054
21.2995
21.2787
21.3474
21.3705
21.4122
21.4075
21.38
21.3757
21.3155
21.3042
21.3036
21.3083
21.3031
21.2831
21.2193
21.2108
21.1775
21.2383
21.2147
21.2406
21.2496
21.3277
21.3521
21.4026
21.4242
21.4583
21.4424
21.4427
21.4321
21.47
21.4997
21.4926
21.5293
21.5551
21.5294
21.514
21.534
21.5355
21.5155
21.5116
21.5089
21.5271
21.5003
21.4878
21.5178
21.5197
21.5065
21.5057
21.5079
21.5161
21.5336
21.5388
21.5174
21.5156
21.4882
21.4298
21.421
21.3706
21.3831
21.3743
21.3824
21.396
21.4257
21.3745
21.3785
21.3869
21.3833
21.3915
21.3987
21.4038
21.4029
21.3974
21.3383
21.3384
21.3359
21.3696
21.3164
21.3454
21.3096
21.276
21.2625
21.248
21.256
21.3269
21.2963
21.2696
21.2594
21.2799
21.276
21.2362
21.2319
21.2574
21.2495
21.2405
21.1984
21.2492
21.2881
21.1941
21.2095
21.193
21.1756
21.283
21.2275
21.2467
21.2482
21.2641
21.235
21.2176
21.1961
21.1489
21.1974
21.2002
21.2669
21.2366
21.2318
21.2452
21.2882
21.3308
21.3581
21.2824
21.2648
21.3584
21.357
21.4032
21.4243
21.458
21.4899
21.5239
];
ip_logLike_sub0 = zeros(1000,1);
