ip_logLike_unified = zeros(1000,1);
ip_logLike_unified = [-12.7777
-11.6046
-11.7501
-10.3571
-8.23629
-8.09122
-7.8758
-8.11014
-9.56532
-9.35846
-11.2069
-10.9891
-9.61474
-9.32974
-9.08078
-7.43322
-7.54675
-6.70453
-6.98426
-5.12856
-3.84561
-3.38352
-2.44737
-2.11098
-1.77449
-1.81429
-1.87857
-1.79398
-1.57769
-1.63763
-2.12339
-1.74025
-2.00468
-2.08082
-2.19479
-2.15566
-2.23858
-2.81245
-2.53826
-2.35197
-1.9881
-1.57114
-1.42441
-1.31111
-1.00708
-0.989538
-0.967046
-1.27168
-1.52094
-1.53732
-1.18777
-0.610765
-0.649146
-0.522296
-0.583818
-0.425296
-0.402258
-0.454829
-0.43955
-0.548223
-0.543083
-0.508184
-0.452122
-0.408407
-0.393593
-0.360827
-0.33513
-0.354248
-0.227686
-0.216369
-0.249398
-0.313541
-0.260747
-0.187333
-0.217156
-0.188994
-0.123889
-0.119128
-0.117997
-0.112896
-0.149622
-0.132329
-0.168749
-0.226001
-0.298152
-0.363674
-0.365823
-0.309718
-0.380725
-0.361243
-0.290918
-0.292557
-0.228976
-0.304341
-0.219778
-0.15479
-0.167762
-0.100806
-0.126286
-0.0997241
-0.0703151
-0.0572475
-0.0539408
-0.0877266
-0.108571
-0.0887158
-0.0971281
-0.0957689
-0.118177
-0.130946
-0.183204
-0.100824
-0.21158
-0.28153
-0.22362
-0.222057
-0.152774
-0.141897
-0.108776
-0.0915334
-0.107544
-0.0636042
-0.0430591
-0.0511628
-0.0507071
-0.0963464
-0.0770561
-0.0522063
-0.0842501
-0.0845191
-0.0911445
-0.0541555
-0.0594269
-0.0451301
-0.0331649
-0.041016
-0.0666364
-0.0357184
-0.0405311
-0.0303984
-0.0211796
-0.0177139
-0.0119692
-0.013911
-0.0133952
-0.0108508
-0.0155316
-0.00986152
-0.0180774
-0.0303997
-0.0176252
-0.0228285
-0.0154981
-0.0199624
-0.0140361
-0.0152816
-0.0167576
-0.0150416
-0.0118653
-0.0114852
-0.0119963
-0.0112081
-0.0117873
-0.0064504
-0.00672383
-0.0056057
-0.00371279
-0.00267436
-0.00288013
-0.00419048
-0.002713
-0.00176833
-0.00176963
-0.00185719
-0.00218986
-0.00234112
-0.00238666
-0.00219104
-0.00263979
-0.00334675
-0.00297659
-0.00387007
-0.0039116
-0.00365476
-0.00308526
-0.00467469
-0.00334204
-0.00373949
-0.00471731
-0.00464991
-0.00277044
-0.00242412
-0.00237764
-0.00268655
-0.00211668
-0.00191924
-0.0023913
-0.00208094
-0.00178493
-0.00231203
-0.00218373
-0.00296858
-0.00277942
-0.00436471
-0.00211098
-0.00164858
-0.00264592
-0.0018396
-0.00233318
-0.00190092
-0.00270587
-0.00505547
-0.002315
-0.00211819
-0.0023545
-0.00276398
-0.00129388
-0.000812661
-0.000837344
-0.000821246
-0.00116676
-0.000930998
-0.000850943
-0.000718802
-0.000964254
-0.000975666
-0.000824724
-0.000878332
-0.00102289
-0.000949082
-0.000669151
-0.000478988
-0.000565797
-0.000471083
-0.000423141
-0.000581638
-0.000460362
-0.000536482
-0.000601351
-0.000839302
-0.00059007
-0.000344738
-0.000781492
-0.000710537
-0.000515461
-0.000467819
-0.000266228
-0.000354197
-0.000369528
-0.000351798
-0.000371098
-0.000647431
-0.000945728
-0.000877097
-0.00127149
-0.00101019
-0.00139615
-0.00185694
-0.00118379
-0.00123088
-0.00114769
-0.00106743
-0.000884042
-0.00074437
-0.000856577
-0.000723393
-0.000786421
-0.000867549
-0.000780709
-0.000828409
-0.0012632
-0.000869522
-0.000956634
-0.00144855
-0.00097463
-0.00119823
-0.000540461
-0.000518366
-0.000441061
-0.000509646
-0.000544436
-0.000439666
-0.000388659
-0.000481923
-0.000558425
-0.000501757
-0.000413598
-0.000382694
-0.000278614
-0.000263561
-0.000283293
-0.00039763
-0.000583219
-0.000406618
-0.000258444
-0.0003575
-0.00049863
-0.000791292
-0.000758351
-0.000654546
-0.000829026
-0.00104226
-0.000634245
-0.00114235
-0.00098144
-0.00100387
-0.00046657
-0.000334385
-0.000250444
-0.000367935
-0.000250964
-0.000431453
-0.00036172
-0.000408528
-0.000275168
-0.000420251
-0.000477864
-0.000423405
-0.000461688
-0.000717979
-0.00154161
-0.00170098
-0.00169478
-0.00191346
-0.00149065
-0.00133125
-0.00134241
-0.00163385
-0.00186731
-0.0013968
-0.00142891
-0.00114384
-0.00115909
-0.00129846
-0.00167325
-0.00211281
-0.00231895
-0.00295742
-0.00304271
-0.00431773
-0.005861
-0.00531542
-0.00774369
-0.00995489
-0.0115776
-0.0118756
-0.00766713
-0.00750749
-0.0068254
-0.0112502
-0.00802977
-0.0119631
-0.0169219
-0.0204632
-0.02299
-0.0144208
-0.00908582
-0.00635085
-0.00568943
-0.00835042
-0.00896785
-0.0120589
-0.0149791
-0.022836
-0.0197819
-0.0133726
-0.0141447
-0.0162564
-0.0129293
-0.0120269
-0.0123662
-0.00692099
-0.00937999
-0.0131783
-0.0128232
-0.00809419
-0.00825719
-0.0086778
-0.00859291
-0.0112338
-0.0237184
-0.027096
-0.0385678
-0.0252847
-0.01402
-0.0107186
-0.0243016
-0.0173149
-0.0171801
-0.0113436
-0.0155415
-0.0190974
-0.0287066
-0.0481504
-0.0383906
-0.0412277
-0.0409247
-0.0429234
-0.0387596
-0.036372
-0.0368244
-0.0273969
-0.0194702
-0.0221116
-0.0233752
-0.0292806
-0.0329701
-0.0365424
-0.0621992
-0.0688644
-0.170706
-0.152071
-0.20565
-0.265552
-0.239193
-0.290878
-0.249037
-0.207964
-0.210963
-0.226961
-0.168639
-0.248649
-0.328717
-0.365353
-0.253161
-0.281102
-0.240506
-0.264408
-0.126158
-0.116011
-0.108884
-0.0937764
-0.117037
-0.0697599
-0.0875541
-0.0980195
-0.125466
-0.18789
-0.221934
-0.179477
-0.208798
-0.169405
-0.232655
-0.212946
-0.242506
-0.277088
-0.299454
-0.260318
-0.263453
-0.320046
-0.357034
-0.466072
-0.466935
-0.335184
-0.411062
-0.475622
-0.363585
-0.291533
-0.331288
-0.318495
-0.246476
-0.238723
-0.217881
-0.329584
-0.260543
-0.251328
-0.246943
-0.257505
-0.285847
-0.316233
-0.234348
-0.222029
-0.127191
-0.117881
-0.129524
-0.0991105
-0.117376
-0.0973264
-0.139048
-0.1601
-0.187031
-0.246164
-0.316541
-0.261962
-0.300324
-0.387964
-0.329499
-0.323884
-0.364516
-0.362958
-0.278458
-0.343664
-0.443658
-0.427366
-0.480472
-0.436986
-0.696307
-0.76145
-0.897422
-1.06161
-0.998888
-0.919334
-0.937815
-1.05526
-0.803961
-0.887984
-1.02735
-1.24818
-1.08845
-1.33706
-0.968519
-0.967811
-1.1042
-1.10003
-1.18705
-1.0732
-0.98855
-0.787997
-0.994092
-0.862851
-0.98337
-0.735505
-0.553066
-0.438849
-0.526569
-0.630319
-0.614128
-0.580542
-0.768675
-0.455017
-0.444025
-0.567903
-0.609155
-0.809774
-0.646853
-0.571709
-0.443938
-0.353144
-0.332691
-0.345298
-0.505859
-0.562386
-0.566926
-0.576455
-0.566072
-0.656455
-0.927081
-1.06159
-0.816911
-0.582393
-0.68004
-0.708194
-0.682606
-0.625791
-0.439602
-0.48947
-0.33428
-0.326293
-0.410291
-0.52185
-0.558402
-0.811723
-0.739478
-0.678634
-0.799184
-0.746935
-0.698497
-0.572221
-0.746347
-0.56575
-0.597358
-0.497513
-0.486832
-0.386358
-0.414357
-0.326444
-0.464501
-0.54106
-0.342044
-0.389093
-0.416038
-0.262912
-0.305668
-0.303026
-0.264425
-0.166919
-0.226801
-0.243725
-0.203641
-0.201737
-0.27605
-0.385879
-0.341839
-0.281923
-0.354267
-0.277441
-0.200092
-0.291574
-0.25702
-0.180394
-0.199196
-0.206989
-0.231993
-0.210917
-0.165519
-0.173683
-0.290783
-0.436499
-0.373081
-0.296106
-0.323835
-0.346208
-0.314187
-0.30765
-0.23403
-0.251875
-0.19485
-0.149052
-0.0978169
-0.0882122
-0.0925642
-0.0624432
-0.0515474
-0.0622852
-0.0735446
-0.0866996
-0.072758
-0.0465003
-0.0315439
-0.0516668
-0.0626565
-0.0601711
-0.0479203
-0.0816674
-0.138622
-0.145144
-0.121733
-0.0900297
-0.0878285
-0.0995834
-0.131466
-0.140668
-0.11086
-0.0785179
-0.068101
-0.0697007
-0.0655638
-0.0693347
-0.0681581
-0.0529583
-0.051286
-0.0437275
-0.069199
-0.0859782
-0.146767
-0.106976
-0.0766721
-0.0703208
-0.0576499
-0.0467831
-0.0436049
-0.0391786
-0.0346268
-0.0465479
-0.0403837
-0.0537033
-0.0519436
-0.0443206
-0.0244573
-0.0492042
-0.0658671
-0.0735037
-0.0705807
-0.0939645
-0.0835676
-0.107023
-0.104238
-0.144011
-0.0902601
-0.0783478
-0.0406134
-0.0325281
-0.0409762
-0.0403881
-0.0490376
-0.0488355
-0.0591429
-0.0641128
-0.0973548
-0.116751
-0.0781301
-0.107514
-0.14589
-0.117813
-0.0932077
-0.114331
-0.14729
-0.208983
-0.13802
-0.225543
-0.26564
-0.390738
-0.424839
-0.293905
-0.205622
-0.2121
-0.186237
-0.259394
-0.317133
-0.30485
-0.346734
-0.333385
-0.217142
-0.194595
-0.138536
-0.151165
-0.139758
-0.167261
-0.165487
-0.176066
-0.137447
-0.153938
-0.173118
-0.202173
-0.191983
-0.194258
-0.189334
-0.14595
-0.144248
-0.232651
-0.327983
-0.337804
-0.412403
-0.529835
-0.327036
-0.200693
-0.297553
-0.350465
-0.363497
-0.321306
-0.220932
-0.333938
