ip_mh_filtChain_unified = zeros(1000,1);
ip_mh_filtChain_unified = [4.6352303512301063e-01 
4.7583628073530415e-01 
4.8629970623003260e-01 
4.5808160673118214e-01 
4.1357092480086743e-01 
3.9744565570739809e-01 
4.0887197828294830e-01 
3.7899189611876272e-01 
4.0313395529026591e-01 
4.5555769428412257e-01 
4.3331349629489518e-01 
4.6219686367636897e-01 
4.7573433673039656e-01 
4.8177323219239759e-01 
4.5275375185672451e-01 
4.1327809507226393e-01 
4.2808513042707508e-01 
4.2134398130866318e-01 
3.8673573495281227e-01 
4.0720651934365276e-01 
4.0086836675565102e-01 
3.9944928984590689e-01 
4.3731239771629460e-01 
4.1831603767338527e-01 
4.6606062317633229e-01 
4.5229500147869073e-01 
4.2679910997450721e-01 
3.9498973774064161e-01 
3.5859492761973938e-01 
3.2645176734408965e-01 
3.1747394807603679e-01 
2.8686903296156546e-01 
2.4666467840039891e-01 
2.8847083226852460e-01 
3.0296593034004859e-01 
2.8233905437470225e-01 
2.6285755601209371e-01 
2.6025936347669493e-01 
2.4719727743723779e-01 
2.4029332160268191e-01 
2.4797759834486893e-01 
2.6030269284157526e-01 
2.6206654070435265e-01 
2.6305503640378725e-01 
2.8327439620178640e-01 
2.8981800097538551e-01 
2.8780339946263156e-01 
3.0175467265107192e-01 
2.8659609299052968e-01 
2.6048705199123251e-01 
2.7306242363678956e-01 
3.0541711123094512e-01 
3.0663026425833223e-01 
2.8385517107363933e-01 
2.5182329176253371e-01 
2.4111740706555160e-01 
2.2874512435544669e-01 
2.4068573158235038e-01 
2.3227463134796580e-01 
2.2106954023414835e-01 
1.9994850989189844e-01 
1.9038300681885856e-01 
1.8205270122844197e-01 
1.9756030547765541e-01 
2.1003310945398587e-01 
2.2948949760213694e-01 
2.2929201686878212e-01 
2.4264477097789175e-01 
2.3727110768079593e-01 
2.4684975545968879e-01 
2.4631431945268406e-01 
2.3462188813066953e-01 
2.2442251528059176e-01 
2.1441319724366620e-01 
2.1948519442894426e-01 
2.3521766785489548e-01 
2.1554795882161981e-01 
2.0508621319294870e-01 
1.9362571866337741e-01 
2.3258836017975879e-01 
2.2508240205517316e-01 
2.4039153511470840e-01 
2.3160049709430439e-01 
2.3121961376392278e-01 
2.1946022605630305e-01 
2.1579360090663968e-01 
2.0583818511158652e-01 
1.9665651667947029e-01 
1.9200823421089913e-01 
1.9031737435677767e-01 
1.8682298552651158e-01 
1.8529531889830567e-01 
1.9085440768450521e-01 
1.8837929030799644e-01 
1.7244300168031829e-01 
1.8337442657015729e-01 
1.8306443461716876e-01 
1.8024046611339439e-01 
1.8346389498032276e-01 
1.9394199224780714e-01 
2.1359277168985710e-01 
2.0144713522492627e-01 
1.9172432308953738e-01 
1.9171039880625090e-01 
2.0341757072198688e-01 
1.8644876580831871e-01 
2.0656933710342912e-01 
2.0653913507398314e-01 
2.0264212367580078e-01 
1.8575727949787094e-01 
1.8125002013118816e-01 
2.2969443578851786e-01 
2.1311542626452118e-01 
2.1040919909939648e-01 
2.0121849582122162e-01 
2.2299280202298916e-01 
2.3747646845831147e-01 
2.4191486484237429e-01 
2.4997733477209055e-01 
2.5852601773885020e-01 
2.4126690035596732e-01 
2.2347360890485959e-01 
2.1917806889291921e-01 
2.0527449775881515e-01 
1.9887540525358519e-01 
1.9113617075909328e-01 
1.7094027874862353e-01 
1.6806253457923315e-01 
1.6849362231250808e-01 
1.7628977524420972e-01 
1.6011898423330551e-01 
2.0029853478988341e-01 
2.0654333631888100e-01 
2.0813827060200116e-01 
2.1374049539766923e-01 
2.0893054920188586e-01 
2.1234643122717956e-01 
2.1851625996876486e-01 
2.3907785409064713e-01 
2.4211566877360682e-01 
2.2858911643655616e-01 
2.3915982794266868e-01 
2.4312068518177268e-01 
2.3259118608639759e-01 
2.3380232560273209e-01 
2.0796718660225119e-01 
2.0721568507440769e-01 
2.0119478605125624e-01 
1.9066697805762697e-01 
1.9494652296549800e-01 
1.8803827701062922e-01 
2.2881442915371505e-01 
2.1511456875661408e-01 
2.3975394844704337e-01 
2.4288785519432010e-01 
2.3664195488262110e-01 
2.5201843282592590e-01 
2.7942752442420615e-01 
2.5981065546640453e-01 
2.5993046769602429e-01 
2.4743873451022114e-01 
2.3670625161921033e-01 
2.6535780247931318e-01 
2.6093371636662666e-01 
2.4323976807311859e-01 
2.4801008963789636e-01 
2.5960974968934830e-01 
2.4727333791485046e-01 
2.2465329681544186e-01 
2.4570133972513017e-01 
2.6661779681222991e-01 
2.6392306576270813e-01 
2.6692410077632417e-01 
2.6008905274384470e-01 
2.6350770091415265e-01 
2.5472081933368801e-01 
2.6282004610829501e-01 
2.4575664474911088e-01 
2.4110726679887215e-01 
2.1863015027162877e-01 
2.1359779608294308e-01 
2.2210974288608454e-01 
2.2608115952567220e-01 
2.2888147834144612e-01 
1.9965774718775250e-01 
2.0244681785327848e-01 
1.9092224597391963e-01 
1.9238303776717391e-01 
1.7548766151106904e-01 
1.9390223519677743e-01 
1.9262570961207709e-01 
1.8339555177965619e-01 
1.9268221232423094e-01 
1.8841544525960816e-01 
1.7511922158788304e-01 
1.7166588319346038e-01 
1.7970585382518950e-01 
1.9202974280986035e-01 
1.7028739126786033e-01 
1.5509053871708009e-01 
1.6788567715718777e-01 
1.4985182182088819e-01 
1.6179067936626651e-01 
1.6945109107566625e-01 
1.7367641973977938e-01 
1.7183183888112410e-01 
1.6859429592967823e-01 
1.6504722108378761e-01 
1.6777960644573534e-01 
1.4499945278849707e-01 
1.5280302346792407e-01 
1.4953488255353825e-01 
1.5943663608328895e-01 
1.5238128651586816e-01 
1.6790421674094907e-01 
1.8115890004154886e-01 
1.9750886733207973e-01 
1.8863629178129712e-01 
1.7328004670066041e-01 
1.7686949700499482e-01 
1.8855963088313560e-01 
1.8514091304048519e-01 
1.7748106482369763e-01 
1.7650401070627669e-01 
1.8190327186509647e-01 
1.8146653308992944e-01 
1.7462598833379073e-01 
1.7443112300092434e-01 
1.8588976578801603e-01 
2.0289345519711563e-01 
1.9136405407045251e-01 
2.0146395232214068e-01 
2.0188175196667260e-01 
1.8848707509449356e-01 
1.9560961401665808e-01 
2.0017560273466267e-01 
1.9902430390760245e-01 
2.0328585861228751e-01 
2.1498303364508939e-01 
2.3325606912065663e-01 
2.0191661249223178e-01 
1.9928204082280757e-01 
2.1947979649559596e-01 
2.3354448748426962e-01 
2.4168676516704296e-01 
2.2233509366522849e-01 
2.1855137776129338e-01 
2.2348909718450941e-01 
2.3328760960648717e-01 
2.1142147704487285e-01 
1.9569032754518839e-01 
1.8654616975590044e-01 
1.9374150597569692e-01 
1.7888927725046808e-01 
1.7333232695733711e-01 
1.8242334184935699e-01 
1.8861625573617649e-01 
1.8540756111114776e-01 
1.8206465932385349e-01 
1.9395351109653611e-01 
1.9464141989344580e-01 
1.9528573345932584e-01 
1.9975874127811538e-01 
1.8416185919968836e-01 
1.7832610755789047e-01 
1.8403715819553887e-01 
1.7919786518237255e-01 
1.7123323288563200e-01 
1.7575947893955157e-01 
1.6964413550531338e-01 
1.5512644038342663e-01 
1.6896146135863899e-01 
1.6022914568446903e-01 
1.8151911556789052e-01 
1.6628132395371395e-01 
1.7339030157056701e-01 
1.7034215697811236e-01 
1.6292755969124054e-01 
1.6547375637431741e-01 
1.7249961064173178e-01 
1.5519178706885425e-01 
1.6120064007322668e-01 
1.6632883469487614e-01 
1.6124995912818127e-01 
1.8707497655483107e-01 
1.9574049600542548e-01 
1.8736787077181771e-01 
1.7503529523440109e-01 
1.6054015870905683e-01 
1.5492042767141120e-01 
1.5531600719419217e-01 
1.6891280884221360e-01 
1.5205119532727240e-01 
1.3153657580207831e-01 
1.2396890447700351e-01 
1.2782249284153260e-01 
1.3245688441191092e-01 
1.1600462399056975e-01 
1.2275066522208539e-01 
1.2344298046248535e-01 
1.2429894873706104e-01 
1.0824472308651077e-01 
1.2893144511019555e-01 
1.5218288288494008e-01 
1.6016219242656304e-01 
1.5947057506523832e-01 
1.6042814178556353e-01 
1.6276831984006002e-01 
1.5462539050362167e-01 
1.4149557545325048e-01 
1.4768757139328867e-01 
1.4570093446774024e-01 
1.4756590317868915e-01 
1.4130752106793157e-01 
1.3613497018970885e-01 
1.2027898970741700e-01 
1.2025694895630080e-01 
1.0481748771644196e-01 
1.0770243373579787e-01 
1.0308814914438358e-01 
1.0100576769909285e-01 
1.0590947106325774e-01 
1.0462327250291223e-01 
1.0261536641003084e-01 
9.5932333925154614e-02 
1.0530131543455049e-01 
1.0528013935446452e-01 
1.0729769771756577e-01 
1.0651417632587724e-01 
1.0432669813478111e-01 
